# ground truth trajectory
# file: 'rgbd_dataset_freiburg1_xyz.bag'
# timestamp tx ty tz qx qy qz qw
1305031102.175304 0.000000 0.000000 0.000000 -0.000000 -0.000000 -0.000000  1.000000
1305031102.211214 -0.001247  0.009105  0.012842 -0.001766 -0.003548 -0.001203  0.999991
1305031102.275326 -0.002199  0.008312  0.039648 -0.013906 -0.009703 -0.000417  0.999856
1305031102.311267 -0.000361  0.006727  0.056155 -0.019092 -0.012772  0.000982  0.999736
1305031102.343233 -0.001062  0.007657  0.067272 -0.021048 -0.014544  0.002729  0.999669
1305031102.375329 -0.001074  0.008673  0.079874 -0.023261 -0.016670  0.003197  0.999585
1305031102.411258 -0.005367  0.011822  0.088152 -0.024499 -0.018023  0.001691  0.999536
1305031102.443271 -0.007113  0.018226  0.098069 -0.028326 -0.020986  0.000933  0.999378
1305031102.475318 -0.006091  0.018414  0.113926 -0.035651 -0.023736  0.000359  0.999082
1305031102.511219 -0.005737  0.019180  0.128024 -0.040579 -0.023118 -0.001044  0.998908
1305031102.575286 -0.006321  0.017600  0.157996 -0.047294 -0.020729 -0.004369  0.998656
1305031102.611233 -0.008679  0.016609  0.169989 -0.044618 -0.017311 -0.003365  0.998848
1305031102.675285 -0.014008  0.025351  0.188629 -0.042955 -0.016355 -0.001923  0.998941
1305031102.711263 -0.014494  0.025295  0.202385 -0.044054 -0.016731 -0.000972  0.998889
1305031102.743234 -0.015290  0.032582  0.213494 -0.043526 -0.016715  0.000222  0.998912
1305031102.775472 -0.013000  0.033898  0.230364 -0.045859 -0.015928 -0.001441  0.998820
1305031102.811232 -0.014579  0.037430  0.241781 -0.046595 -0.012351 -0.002696  0.998834
1305031102.843290 -0.013827  0.038969  0.257454 -0.048525 -0.009424 -0.003435  0.998772
1305031102.875363 -0.017112  0.040927  0.266989 -0.047981 -0.005395 -0.005763  0.998817
1305031102.911185 -0.019051  0.043319  0.277589 -0.047607 -0.003397 -0.007567  0.998832
1305031102.975203 -0.029449  0.046340  0.292592 -0.049287 -0.006406 -0.008640  0.998727
1305031103.011215 -0.028023  0.048944  0.305155 -0.050792 -0.013814 -0.005775  0.998597
1305031103.043227 -0.029075  0.052344  0.316778 -0.052375 -0.019701 -0.003271  0.998428
1305031103.075319 -0.025081  0.054403  0.332366 -0.052066 -0.024693 -0.000450  0.998338
1305031103.111240 -0.026305  0.060962  0.338111 -0.049636 -0.023668 -0.000091  0.998487
1305031103.143318 -0.026048  0.063309  0.349549 -0.051506 -0.024092  0.001477  0.998381
1305031103.175452 -0.027277  0.068063  0.355433 -0.051457 -0.021909  0.000960  0.998434
1305031103.243216 -0.029052  0.075080  0.369400 -0.063467 -0.021031  0.004903  0.997750
1305031103.275370 -0.034054  0.074135  0.371497 -0.074181 -0.021599  0.008573  0.996974
1305031103.311210 -0.032160  0.069938  0.380868 -0.082307 -0.032371  0.009657  0.996034
1305031103.343223 -0.026298  0.072833  0.387449 -0.082053 -0.039258  0.009402  0.995810
1305031103.375327 -0.025134  0.072254  0.389249 -0.085776 -0.038237  0.011366  0.995516
1305031103.411260 -0.025844  0.067092  0.387633 -0.089025 -0.037334  0.013068  0.995244
1305031103.443280 -0.027410  0.065107  0.381978 -0.088928 -0.038840  0.012689  0.995200
1305031103.475274 -0.026977  0.062226  0.379682 -0.088670 -0.042028  0.011350  0.995109
1305031103.511333 -0.026270  0.058467  0.374355 -0.086096 -0.044035  0.009337  0.995269
1305031103.543444 -0.025595  0.054088  0.367295 -0.082031 -0.045619  0.007814  0.995554
1305031103.575474 -0.026371  0.050484  0.355221 -0.077739 -0.046412  0.008045  0.995860
1305031103.611223 -0.026483  0.045983  0.345133 -0.075644 -0.049454  0.009944  0.995858
1305031103.643445 -0.025393  0.041703  0.334817 -0.072832 -0.053747  0.010609  0.995838
1305031103.675523 -0.022744  0.039366  0.325240 -0.069459 -0.057123  0.011145  0.995886
1305031103.711610 -0.020408  0.035837  0.314059 -0.066926 -0.058590  0.011062  0.995975
1305031103.743326 -0.018676  0.029822  0.302787 -0.064916 -0.058575  0.010248  0.996117
1305031103.775342 -0.018060  0.027911  0.287256 -0.061016 -0.057721  0.007010  0.996442
1305031103.811242 -0.017019  0.025385  0.272081 -0.060984 -0.056497  0.003251  0.996533
1305031103.843251 -0.019388  0.023680  0.255066 -0.063828 -0.054957  0.000425  0.996446
1305031103.875361 -0.018807  0.012184  0.244285 -0.072427 -0.058257 -0.002201  0.995668
1305031103.911221 -0.016636  0.005805  0.232337 -0.071628 -0.062943 -0.003762  0.995436
1305031103.943211 -0.015048  0.002717  0.217736 -0.069357 -0.065669 -0.004538  0.995418
1305031103.975373 -0.012199 -0.002495  0.205695 -0.067778 -0.068211 -0.005348  0.995352
1305031104.011232 -0.007466 -0.006695  0.196627 -0.063261 -0.069844 -0.006327  0.995530
1305031104.043249 -0.003831 -0.008709  0.181815 -0.055397 -0.067246 -0.008332  0.996163
1305031104.075425 -0.002049 -0.007687  0.167299 -0.050200 -0.062571 -0.011165  0.996715
1305031104.111235  0.001325 -0.013928  0.156048 -0.047886 -0.057324 -0.012766  0.997125
1305031104.143230  0.000353 -0.018856  0.139340 -0.043305 -0.050625 -0.013735  0.997684
1305031104.175424  0.000184 -0.021495  0.123890 -0.038979 -0.047012 -0.014657  0.998026
1305031104.211283  0.001651 -0.026372  0.111596 -0.035391 -0.044669 -0.014287  0.998273
1305031104.243196  0.003125 -0.028143  0.099084 -0.030483 -0.042669 -0.014113  0.998524
1305031104.275546  0.004950 -0.029813  0.087192 -0.025926 -0.040455 -0.014752  0.998736
1305031104.311219  0.007345 -0.031206  0.076169 -0.022097 -0.037798 -0.014683  0.998933
1305031104.343342  0.009740 -0.030144  0.066181 -0.018250 -0.034307 -0.014701  0.999137
1305031104.375837  0.009479 -0.030581  0.055208 -0.016157 -0.029150 -0.014225  0.999343
1305031104.411509  0.007814 -0.032693  0.043654 -0.015240 -0.024751 -0.013532  0.999486
1305031104.443288  0.004374 -0.033112  0.031114 -0.014807 -0.022282 -0.012608  0.999563
1305031104.475456  0.002837 -0.035636  0.021181 -0.015686 -0.023433 -0.011624  0.999535
1305031104.511329  0.002092 -0.040119  0.012289 -0.015659 -0.025944 -0.010324  0.999487
1305031104.543368  0.005278 -0.041771  0.004181 -0.012316 -0.028832 -0.009315  0.999465
1305031104.575343  0.011073 -0.045058 -0.001154 -0.008185 -0.030199 -0.008615  0.999473
1305031104.611336  0.020743 -0.051355 -0.002818  0.000048 -0.028581 -0.005483  0.999576
1305031104.643243  0.022322 -0.046555 -0.013351  0.013973 -0.020965 -0.005368  0.999668
1305031104.675525  0.024887 -0.051721 -0.024600  0.024210 -0.013148 -0.004188  0.999612
1305031104.711277  0.024924 -0.053686 -0.037381  0.037849 -0.005266 -0.002055  0.999267
1305031104.743280  0.027982 -0.051869 -0.048212  0.051450  0.001418 -0.000110  0.998675
1305031104.775327  0.027310 -0.050754 -0.058893 0.063789 0.009138 0.001551 0.997920
1305031104.811465  0.029765 -0.046526 -0.067113 0.075319 0.015476 0.004148 0.997031
1305031104.843258  0.028713 -0.042868 -0.076168 0.083987 0.022610 0.006334 0.996190
1305031104.875350  0.025302 -0.037622 -0.082747 0.090147 0.026374 0.008305 0.995545
1305031104.911534  0.026919 -0.034545 -0.083829 0.092509 0.027019 0.010622 0.995289
1305031104.943262  0.027250 -0.031925 -0.083133 0.093723 0.027746 0.011439 0.995146
1305031104.975202  0.026459 -0.025002 -0.080074 0.093804 0.027032 0.012124 0.995150
1305031105.011290  0.028394 -0.021461 -0.072797 0.089333 0.025982 0.013052 0.995577
1305031105.043373  0.027799 -0.019950 -0.065536 0.083345 0.025458 0.011478 0.996129
1305031105.075320  0.028072 -0.020294 -0.055096 0.075959 0.024331 0.009679 0.996767
1305031105.111299  0.024600 -0.023332 -0.043835 0.069159 0.023936 0.008155 0.997285
1305031105.143106  0.020035 -0.014350 -0.033265 0.064597 0.021732 0.005437 0.997660
1305031105.175159  0.017249 -0.011871 -0.019107 0.051382 0.018474 0.001914 0.998506
1305031105.211268  0.012371 -0.020621 -0.003231  0.037002  0.014979 -0.000227  0.999203
1305031105.243270  0.008422 -0.018615  0.011157  0.028627  0.009595 -0.002037  0.999542
1305031105.275288  0.004574 -0.014927  0.026125  0.018646  0.003355 -0.003279  0.999815
1305031105.311290  0.002936 -0.018169  0.041661  0.007210 -0.004522 -0.003777  0.999957
1305031105.343302  0.003645 -0.021686  0.059737 -0.002164 -0.012186 -0.003782  0.999916
1305031105.375338 -0.000216 -0.022145  0.072991 -0.005799 -0.016505 -0.004140  0.999838
1305031105.411286 -0.002655 -0.014111  0.086935 -0.009586 -0.021094 -0.005154  0.999718
1305031105.443316 -0.002353 -0.018748  0.104808 -0.018156 -0.026064 -0.005296  0.999481
1305031105.475280 -0.003335 -0.017621  0.119033 -0.021771 -0.029594 -0.005337  0.999311
1305031105.511332 -0.002430 -0.015068  0.134947 -0.026309 -0.033052 -0.005024  0.999095
1305031105.543282 -0.002985 -0.016999  0.150170 -0.031494 -0.033922 -0.003946  0.998920
1305031105.575449 -0.006047 -0.014625  0.163545 -0.034034 -0.034566 -0.004227  0.998814
1305031105.611378 -0.005159 -0.015365  0.181816 -0.037291 -0.036355 -0.003466  0.998637
1305031105.643273 -0.007876 -0.014062  0.194430 -0.038010 -0.035961 -0.000942  0.998630
1305031105.711309 -0.001817 -0.011087  0.230542 -0.039304 -0.037442  0.000522  0.998525
1305031105.743312 -0.002200 -0.004186  0.243740 -0.036199 -0.033588  0.000319  0.998780
1305031105.775339 -0.000573 -0.002978  0.261611 -0.037041 -0.029597  0.000691  0.998875
1305031105.811283 -0.001375 -0.001460  0.274423 -0.035795 -0.024272  0.001116  0.999064
1305031105.843271 -0.000719  0.001659  0.289647 -0.034076 -0.020825  0.001879  0.999200
1305031105.875337 -0.000348  0.007632  0.300952 -0.032773 -0.015415  0.003154  0.999339
1305031105.911262 -0.001105  0.010487  0.314221 -0.035865 -0.010795  0.007093  0.999273
1305031105.943272 -0.002583  0.015487  0.325959 -0.038184 -0.006667  0.009351  0.999205
1305031105.975329 -0.003786  0.019544  0.339129 -0.042768 -0.004083  0.010233  0.999024
1305031106.011285 -0.003322  0.023107  0.351361 -0.047444 -0.001958  0.011643  0.998804
1305031106.043355 -0.006003  0.026566  0.363129 -0.052187  0.001307  0.012050  0.998564
1305031106.075330 -0.007455  0.030012  0.373259 -0.056471  0.002628  0.013724  0.998306
1305031106.111327 -0.009416  0.035980  0.382546 -0.061308  0.003140  0.014393  0.998010
1305031106.143355 -0.011525  0.037860  0.394709 -0.068899  0.001853  0.016331  0.997488
1305031106.175534 -0.012786  0.039826  0.404951 -0.073318  0.000333  0.017378  0.997157
1305031106.211275 -0.013318  0.041216  0.416856 -0.077072 -0.001807  0.018723  0.996848
1305031106.243267 -0.014498  0.044684  0.424431 -0.076873 -0.003139  0.022377  0.996785
1305031106.276385 -0.015767  0.050101  0.429699 -0.077287 -0.004616  0.023202  0.996728
1305031106.311238 -0.015918  0.052184  0.434919 -0.081417 -0.005902  0.025494  0.996337
1305031106.343258 -0.018292  0.057806  0.436323 -0.086048 -0.006119  0.026201  0.995928
1305031106.375388 -0.016596  0.059317  0.442543 -0.094872 -0.007029  0.018566  0.995292
1305031106.411320 -0.013731  0.055765  0.449282 -0.102306 -0.003857  0.014784  0.994636
1305031106.443278 -0.015359  0.051690  0.445250 -0.104307  0.000259  0.011614  0.994477
1305031106.475345 -0.016958  0.048966  0.440549 -0.104382 -0.000091  0.010639  0.994480
1305031106.511129 -0.017895  0.044604  0.434785 -0.103327 -0.003339  0.011014  0.994581
1305031106.543302 -0.017643  0.041914  0.425500 -0.099588 -0.007384  0.009373  0.994957
1305031106.575282 -0.016799  0.038826  0.414675 -0.096513 -0.009508  0.008167  0.995253
1305031106.611151 -0.017764  0.037510  0.402946 -0.095648 -0.012260  0.005441  0.995325
1305031106.643207 -0.017107  0.030973  0.393701 -0.096450 -0.015503  0.003302  0.995212
1305031106.675279 -0.017782  0.027888  0.377689 -0.094161 -0.018098  0.003178  0.995387
1305031106.711508 -0.018372  0.024211  0.365569 -0.095964 -0.023962  0.003395  0.995091
1305031106.743341 -0.019310  0.020224  0.351745 -0.094166 -0.029967  0.003304  0.995100
1305031106.775390 -0.016621  0.017331  0.338513 -0.092856 -0.036997  0.003353  0.994986
1305031106.811289 -0.015611  0.017298  0.323244 -0.091665 -0.041099  0.002619  0.994938
1305031106.843416 -0.015655  0.008301  0.310762 -0.093936 -0.044965  0.001961  0.994560
1305031106.875905 -0.011937  0.005627  0.296929 -0.087037 -0.048796 -0.001764  0.995008
1305031106.911243 -0.012025  0.005657  0.276627 -0.081956 -0.047487 -0.006776  0.995481
1305031106.943439 -0.010563 -0.002350  0.264007 -0.081646 -0.047130 -0.010791  0.995488
1305031106.975547 -0.008743 -0.008486  0.249509 -0.075897 -0.045680 -0.013523  0.995977
1305031107.011576 -0.010232 -0.008320  0.224175 -0.068035 -0.041354 -0.018573  0.996652
1305031107.043281 -0.009801 -0.014355  0.210950 -0.069092 -0.039024 -0.020573  0.996634
1305031107.075432 -0.011626 -0.021692  0.194170 -0.065146 -0.037368 -0.021104  0.996952
1305031107.111229 -0.010095 -0.022322  0.177145 -0.059669 -0.038278 -0.021691  0.997248
1305031107.143260 -0.007686 -0.022486  0.162585 -0.057270 -0.037754 -0.022026  0.997401
1305031107.175399 -0.005428 -0.030021  0.151937 -0.056371 -0.036738 -0.022603  0.997478
1305031107.211358 -0.002504 -0.036306  0.139946 -0.050886 -0.035166 -0.024011  0.997796
1305031107.243378 -0.001642 -0.035694  0.124194 -0.043558 -0.031533 -0.024390  0.998255
1305031107.275398  0.001580 -0.039608  0.113999 -0.038367 -0.028887 -0.024102  0.998555
1305031107.311226  0.004221 -0.044767  0.103354 -0.031763 -0.025727 -0.024405  0.998866
1305031107.343509  0.008878 -0.047464  0.094229 -0.020532 -0.023226 -0.023835  0.999235
1305031107.375413  0.010335 -0.042978  0.081469 -0.009845 -0.017903 -0.023857  0.999507
1305031107.411271  0.013112 -0.043939  0.073376 -0.003325 -0.013419 -0.024445  0.999606
1305031107.443419  0.016008 -0.042060  0.066716  0.002635 -0.009008 -0.024265  0.999661
1305031107.475377  0.019391 -0.043616  0.062299  0.005291 -0.004774 -0.023329  0.999702
1305031107.511352  0.020251 -0.039599  0.058776  0.007699 -0.000893 -0.023366  0.999697
1305031107.543605  0.023409 -0.040946  0.059071  0.004672  0.001512 -0.021688  0.999753
1305031107.575454  0.025667 -0.046715  0.059078  0.002935  0.003661 -0.018682  0.999814
1305031107.611271  0.027661 -0.040551  0.058275  0.004720  0.004977 -0.017460  0.999824
1305031107.643323  0.028626 -0.040949  0.060351  0.000818  0.006344 -0.016450  0.999844
1305031107.675568  0.028191 -0.040697  0.061127 -0.000537  0.007103 -0.015791  0.999850
1305031107.711307  0.027886 -0.036980  0.062703 -0.001318  0.006959 -0.015008  0.999862
1305031107.743538  0.024405 -0.032831  0.063614 -0.004034  0.006525 -0.014557  0.999865
1305031107.775802  0.025157 -0.033365  0.066938 -0.007217  0.003381 -0.015482  0.999848
1305031107.811596  0.026749 -0.030737  0.070415 -0.009044  0.001079 -0.015403  0.999840
1305031107.843332  0.027934 -0.028717  0.073766 -0.011423  0.000431 -0.015542  0.999814
1305031107.875358  0.032916 -0.031464  0.078505 -0.012776  0.000436 -0.018891  0.999740
1305031107.911541  0.035869 -0.031243  0.081281 -0.011768  0.003404 -0.021376  0.999696
1305031107.943122  0.040306 -0.032564  0.084106 -0.010113  0.006789 -0.021924  0.999685
1305031107.975807  0.047621 -0.033333  0.086614 -0.007770  0.010766 -0.021798  0.999674
1305031108.011320  0.055249 -0.032098  0.089883 -0.003510  0.015363 -0.023830  0.999592
1305031108.043418  0.067965 -0.030781  0.094741 -0.000721  0.021369 -0.022986  0.999507
1305031108.075352  0.078454 -0.033699  0.095887 -0.000625  0.030701 -0.017607  0.999373
1305031108.111378  0.083993 -0.033895  0.098673  0.002099  0.037953 -0.017229  0.999129
1305031108.143334  0.093269 -0.032220  0.104051  0.004546  0.042115 -0.017544  0.998948
1305031108.176058  0.102327 -0.027826  0.106642  0.003490  0.046401 -0.015338  0.998799
1305031108.211475  0.112521 -0.029039  0.112338 -0.001902  0.048193 -0.015433  0.998717
1305031108.243347  0.127498 -0.035306  0.120563 -0.004327  0.050728 -0.017238  0.998554
1305031108.275358  0.135051 -0.030222  0.122954 -0.002798  0.056342 -0.018072  0.998244
1305031108.311332  0.139093 -0.024756  0.128356 -0.005581  0.059643 -0.016975  0.998060
1305031108.343278  0.148613 -0.023821  0.132507 -0.011408  0.058732 -0.015093  0.998094
1305031108.375410  0.155044 -0.022439  0.137947 -0.016825  0.057356 -0.010046  0.998161
1305031108.411361  0.167979 -0.022402  0.143735 -0.022146  0.053238 -0.003451  0.998330
1305031108.443610  0.180775 -0.019715  0.148810 -0.026094  0.051916  0.003238  0.998305
1305031108.475471  0.195799 -0.022317  0.153463 -0.029949  0.050670  0.010826  0.998208
1305031108.511378  0.216012 -0.024039  0.158607 -0.029795  0.051909  0.015845  0.998081
1305031108.543737  0.227682 -0.027524  0.159039 -0.026654  0.059489  0.014929  0.997761
1305031108.575414  0.234572 -0.021226  0.159777 -0.021214  0.066239  0.012222  0.997503
1305031108.611407  0.244870 -0.022234  0.166757 -0.022010  0.073164  0.012193  0.997002
1305031108.643303  0.253120 -0.021823  0.166772 -0.022195  0.080266  0.012795  0.996444
1305031108.675375  0.268851 -0.018287  0.170456 -0.024238  0.084782  0.015711  0.995981
1305031108.711411  0.275301 -0.020884  0.175482 -0.029159  0.094100  0.019658  0.994941
1305031108.743502  0.280368 -0.023369  0.177716 -0.031420  0.100377  0.020686  0.994238
1305031108.775493  0.288617 -0.021818  0.177024 -0.032215  0.104136  0.022518  0.993786
1305031108.811244  0.291324 -0.024352  0.177548 -0.034569  0.108479  0.027599  0.993114
1305031108.843264  0.292697 -0.026885  0.176298 -0.034131  0.109241  0.033842  0.992853
1305031108.876515  0.293977 -0.026508  0.173845 -0.031879  0.106464  0.040134  0.992995
1305031108.911364  0.296132 -0.029371  0.174244 -0.029435  0.102695  0.046155  0.993205
1305031108.943243  0.292663 -0.031236  0.170215 -0.024572  0.099632  0.047361  0.993593
1305031108.975268  0.287641 -0.026658  0.164742 -0.019588  0.094008  0.044799  0.994370
1305031109.011269  0.288802 -0.026051  0.162567 -0.019988  0.088894  0.043741  0.994879
1305031109.043277  0.280638 -0.028634  0.160535 -0.019816  0.088668  0.041154  0.995013
1305031109.075410  0.271920 -0.022386  0.157756 -0.019584  0.086134  0.035981  0.995441
1305031109.111282  0.266199 -0.024443  0.157680 -0.024114  0.083872  0.033604  0.995618
1305031109.143334  0.252326 -0.027593  0.154527 -0.025525  0.081877  0.031592  0.995815
1305031109.175464  0.240981 -0.022686  0.155382 -0.024199  0.075416  0.028149  0.996461
1305031109.211379  0.236390 -0.017782  0.152028 -0.027944  0.068808  0.029328  0.996807
1305031109.243290  0.225159 -0.020703  0.152131 -0.037884  0.065961  0.034843  0.996494
1305031109.275308  0.212828 -0.025697  0.151407 -0.041141  0.061191  0.040836  0.996441
1305031109.311329  0.196535 -0.022810  0.148806 -0.038013  0.052908  0.041672  0.997005
1305031109.343248  0.188246 -0.019327  0.146715 -0.040000  0.041005  0.040400  0.997540
1305031109.375397  0.177895 -0.021643  0.148468 -0.043428  0.031549  0.040964  0.997718
1305031109.411329  0.168983 -0.021192  0.147406 -0.043932  0.022571  0.036949  0.998096
1305031109.443302  0.158030 -0.020270  0.148236 -0.047293  0.016443  0.030989  0.998265
1305031109.475363  0.147484 -0.023253  0.150077 -0.051047  0.012947  0.028136  0.998216
1305031109.511273  0.136554 -0.027220  0.149949 -0.051930  0.009586  0.024462  0.998305
1305031109.543294  0.126227 -0.027928  0.147490 -0.049304  0.006687  0.021139  0.998538
1305031109.575362  0.113473 -0.026693  0.144828 -0.048718  0.006078  0.020753  0.998578
1305031109.611310  0.100904 -0.026018  0.142642 -0.048771  0.004042  0.018726  0.998626
1305031109.643229  0.091809 -0.023859  0.142837 -0.048881  0.001521  0.017957  0.998642
1305031109.675263  0.077383 -0.022487  0.139776 -0.051219  0.001468  0.020254  0.998481
1305031109.711312  0.064360 -0.017218  0.141240 -0.052647 -0.002230  0.019973  0.998411
1305031109.743274  0.052940 -0.018307  0.143018 -0.057835 -0.006018  0.018945  0.998128
1305031109.775277  0.043772 -0.019692  0.146124 -0.061478 -0.009100  0.019477  0.997877
1305031109.811371  0.028139 -0.015648  0.146381 -0.062504 -0.009589  0.018320  0.997830
1305031109.843296  0.016737 -0.016544  0.147898 -0.066647 -0.012926  0.018055  0.997530
1305031109.875306  0.000204 -0.016041  0.148044 -0.070554 -0.015447  0.016939  0.997245
1305031109.911265 -0.011677 -0.018671  0.153834 -0.072624 -0.022277  0.012544  0.997032
1305031109.943299 -0.022573 -0.010752  0.154268 -0.072180 -0.026279  0.008221  0.997011
1305031109.975258 -0.035986 -0.013779  0.158830 -0.077899 -0.028814  0.003765  0.996538
1305031110.011256 -0.049070 -0.011525  0.162271 -0.079598 -0.031704 -0.002847  0.996319
1305031110.043299 -0.060103 -0.012616  0.165243 -0.082589 -0.033620 -0.009785  0.995968
1305031110.075319 -0.073534 -0.010632  0.166881 -0.084393 -0.034107 -0.014907  0.995737
1305031110.111325 -0.088934 -0.010336  0.169107 -0.089075 -0.035087 -0.019356  0.995219
1305031110.143432 -0.100075 -0.017443  0.172606 -0.092688 -0.039514 -0.022220  0.994663
1305031110.175641 -0.110711 -0.009054  0.172607 -0.091800 -0.043275 -0.023484  0.994559
1305031110.211637 -0.122434 -0.013065  0.175652 -0.097047 -0.046578 -0.024794  0.993880
1305031110.243323 -0.132665 -0.017524  0.176973 -0.098854 -0.051204 -0.024355  0.993485
1305031110.279321 -0.139536 -0.017110  0.179269 -0.097126 -0.056373 -0.024349  0.993376
1305031110.311404 -0.152065 -0.017710  0.177147 -0.094692 -0.059138 -0.025747  0.993415
1305031110.343355 -0.163424 -0.013173  0.176808 -0.092392 -0.063774 -0.026337  0.993329
1305031110.379281 -0.174342 -0.013910  0.176874 -0.091761 -0.069803 -0.029380  0.992897
1305031110.411469 -0.186160 -0.005782  0.175185 -0.089124 -0.076192 -0.031492  0.992603
1305031110.443260 -0.196411 -0.002339  0.176671 -0.092725 -0.082671 -0.033950  0.991673
1305031110.479331 -0.210234 -0.005678  0.178929 -0.096332 -0.089333 -0.039742  0.990535
1305031110.511429 -0.221524 -0.004200  0.180131 -0.096309 -0.097164 -0.043277  0.989652
1305031110.543408 -0.230284  0.003270  0.180550 -0.095771 -0.104556 -0.045800  0.988837
1305031110.579426 -0.236925  0.008108  0.182728 -0.099088 -0.112160 -0.049654  0.987490
1305031110.611307 -0.242394  0.000737  0.187791 -0.105706 -0.117941 -0.053259  0.985941
1305031110.643418 -0.251039 -0.001194  0.188386 -0.104547 -0.120381 -0.056252  0.985603
1305031110.679606 -0.256860  0.009753  0.186880 -0.101064 -0.123321 -0.058217  0.985489
1305031110.711412 -0.263347  0.007197  0.188828 -0.105492 -0.125319 -0.059531  0.984694
1305031110.743249 -0.268454  0.005381  0.188920 -0.106363 -0.127309 -0.060990  0.984256
1305031110.779193 -0.270004  0.007680  0.189084 -0.105623 -0.129901 -0.061386  0.983972
1305031110.811386 -0.272881  0.007783  0.188639 -0.106313 -0.130309 -0.062999  0.983742
1305031110.843218 -0.277696  0.007597  0.189044 -0.107934 -0.131544 -0.065232  0.983255
1305031110.879313 -0.275082  0.007357  0.189460 -0.108026 -0.134730 -0.065150  0.982819
1305031110.911333 -0.274688  0.009064  0.189854 -0.108236 -0.135828 -0.065531  0.982620
1305031110.943862 -0.268971  0.008345  0.190403 -0.108406 -0.139253 -0.066195  0.982077
1305031110.979345 -0.257627  0.011681  0.191163 -0.107495 -0.140633 -0.065936  0.981998
1305031111.011431 -0.247307  0.007920  0.192776 -0.110559 -0.137497 -0.065670  0.982119
1305031111.043327 -0.243830  0.008289  0.192148 -0.109610 -0.130403 -0.063677  0.983324
1305031111.079283 -0.240499  0.011453  0.191125 -0.110764 -0.125854 -0.062194  0.983882
1305031111.111508 -0.230897  0.004820  0.192860 -0.114600 -0.124098 -0.059079  0.983858
1305031111.143257 -0.223067  0.001937  0.193213 -0.113588 -0.120978 -0.058452  0.984401
1305031111.179326 -0.207938  0.002890  0.193654 -0.110614 -0.118632 -0.058817  0.985003
1305031111.211433 -0.200551  0.001970  0.190484 -0.109366 -0.108637 -0.055980  0.986460
1305031111.243236 -0.198240 -0.000876  0.190217 -0.109384 -0.103240 -0.056313  0.987018
1305031111.279308 -0.179813 -0.003738  0.193603 -0.105738 -0.104080 -0.053986  0.987458
1305031111.311547 -0.176027  0.001771  0.187063 -0.100459 -0.095834 -0.051107  0.988995
1305031111.343397 -0.172127  0.003151  0.187368 -0.103686 -0.096590 -0.051168  0.988586
1305031111.379134 -0.152275 -0.010696  0.191610 -0.107546 -0.101469 -0.047645  0.987860
1305031111.411296 -0.148190 -0.007821  0.186904 -0.101699 -0.099526 -0.046799  0.988717
1305031111.443386 -0.130241 -0.006143  0.191203 -0.101176 -0.107070 -0.051482  0.987749
1305031111.479259 -0.102235 -0.008092  0.199450 -0.097782 -0.105488 -0.051460  0.988263
1305031111.511264 -0.096127 -0.009527  0.193759 -0.093745 -0.091537 -0.051713  0.990030
1305031111.543250 -0.085800 -0.010380  0.196455 -0.089601 -0.083768 -0.051269  0.991124
1305031111.579237 -0.075409 -0.007534  0.190459 -0.084802 -0.072285 -0.046168  0.992699
1305031111.611271 -0.072276 -0.010754  0.185019 -0.086948 -0.063991 -0.039207  0.993382
1305031111.643395 -0.051596 -0.018716  0.192491 -0.085897 -0.067193 -0.032281  0.993511
1305031111.679320 -0.035594 -0.012368  0.188291 -0.078755 -0.059508 -0.024590  0.994812
1305031111.711760 -0.021311 -0.013893  0.189567 -0.078841 -0.051461 -0.023539  0.995280
1305031111.743386  0.004067 -0.009986  0.202698 -0.072709 -0.043964 -0.019743  0.996188
1305031111.779423  0.015454 -0.010269  0.197101 -0.069494 -0.024329 -0.017849  0.997126
1305031111.811406  0.019492 -0.016823  0.192807 -0.068855 -0.007093 -0.018049  0.997438
1305031111.843299  0.027014 -0.015033  0.189179 -0.064342  0.004962 -0.016910  0.997772
1305031111.879442  0.031932 -0.014270  0.186498 -0.064769  0.014499 -0.012467  0.997717
1305031111.911354  0.036769 -0.020309  0.185614 -0.065710  0.016839 -0.006574  0.997675
1305031111.943300  0.050169 -0.016591  0.187638 -0.062261  0.013013  0.001680  0.997974
1305031111.979449  0.073543 -0.013902  0.190397 -0.060294  0.011718  0.008227  0.998078
1305031112.011433  0.082669 -0.014120  0.192661 -0.057735  0.020859  0.006282  0.998094
1305031112.043270  0.091834 -0.011873  0.192264 -0.052602  0.030855  0.003217  0.998134
1305031112.079339  0.100791 -0.013444  0.189924 -0.050468  0.044969  0.001343  0.997712
1305031112.111423  0.103088 -0.013734  0.183098 -0.047753  0.057183 -0.002538  0.997218
1305031112.144342  0.113683 -0.012632  0.188578 -0.046649  0.062658 -0.010499  0.996889
1305031112.179390  0.125409 -0.013645  0.189853 -0.049259  0.076218 -0.013921  0.995776
1305031112.211254  0.123629 -0.017821  0.194236 -0.050482  0.091667 -0.017667  0.994352
1305031112.243369  0.134842 -0.021935  0.196268 -0.045409  0.101413 -0.021939  0.993565
1305031112.279353  0.139039 -0.018087  0.197108 -0.038188  0.110209 -0.025213  0.992854
1305031112.311312  0.148474 -0.023666  0.198250 -0.033523  0.112747 -0.027468  0.992678
1305031112.343323  0.156950 -0.023116  0.199256 -0.026322  0.113938 -0.026944  0.992774
1305031112.379360  0.166207 -0.021972  0.199312 -0.021507  0.113136 -0.023374  0.993072
1305031112.411442  0.177835 -0.022124  0.199468 -0.019040  0.110826 -0.019882  0.993458
1305031112.443391  0.189342 -0.026144  0.201056 -0.017723  0.110036 -0.014186  0.993668
1305031112.479418  0.195309 -0.024682  0.200229 -0.013793  0.110118 -0.004927  0.993811
1305031112.511504  0.203047 -0.025246  0.200868 -0.011611  0.107107  0.002614  0.994176
1305031112.543212  0.215426 -0.025869  0.199043 -0.008978  0.102983  0.006866  0.994619
1305031112.579252  0.223839 -0.024987  0.198659 -0.006525  0.100116  0.012038  0.994882
1305031112.611261  0.239136 -0.022374  0.199269 -0.005569  0.098166  0.017266  0.995005
1305031112.643246  0.247699 -0.023281  0.200053 -0.008517  0.104415  0.024182  0.994203
1305031112.679952  0.249010 -0.024226  0.202150 -0.010697  0.111939  0.027452  0.993278
1305031112.711251  0.251037 -0.023250  0.200917 -0.012437  0.116595  0.028835  0.992683
1305031112.743245  0.252046 -0.014894  0.199209 -0.014816  0.120521  0.031906  0.992087
1305031112.779310  0.251915 -0.019132  0.202062 -0.023729  0.124876  0.036177  0.991229
1305031112.811310  0.239236 -0.025608  0.205558 -0.027503  0.128132  0.034889  0.990762
1305031112.843286  0.237100 -0.020298  0.205042 -0.028645  0.122239  0.033258  0.991530
1305031112.879421  0.237346 -0.021364  0.205217 -0.032837  0.118244  0.035760  0.991797
1305031112.911411  0.229020 -0.021940  0.207398 -0.035839  0.116337  0.038653  0.991810
1305031112.943321  0.222863 -0.023244  0.209261 -0.038196  0.111022  0.038210  0.992348
1305031112.979278  0.219061 -0.023146  0.209733 -0.038901  0.104381  0.035816  0.993131
1305031113.011353  0.213653 -0.020107  0.207936 -0.039779  0.100593  0.035416  0.993501
1305031113.043231  0.205124 -0.021860  0.208029 -0.044901  0.099094  0.033341  0.993505
1305031113.079251  0.193210 -0.029401  0.207570 -0.047443  0.096983  0.029451  0.993718
1305031113.111316  0.183472 -0.025980  0.204876 -0.043987  0.091129  0.023921  0.994580
1305031113.143306  0.176323 -0.024227  0.202906 -0.046165  0.087257  0.021572  0.994882
1305031113.179343  0.164480 -0.030803  0.200686 -0.050791  0.085633  0.024034  0.994741
1305031113.211259  0.150536 -0.030847  0.197032 -0.048812  0.080444  0.025628  0.995233
1305031113.243227  0.139603 -0.029790  0.195457 -0.050675  0.072379  0.025156  0.995771
1305031113.279312  0.126743 -0.030726  0.201539 -0.052873  0.066210  0.028348  0.996001
1305031113.311452  0.109961 -0.036399  0.202004 -0.049524  0.059813  0.032066  0.996465
1305031113.343252  0.099767 -0.031309  0.197305 -0.043046  0.047348  0.029235  0.997522
1305031113.379312  0.087730 -0.029338  0.200948 -0.045782  0.036933  0.026367  0.997920
1305031113.411625  0.078459 -0.034641  0.206890 -0.046860  0.027258  0.028088  0.998134
1305031113.443266  0.065788 -0.027395  0.206734 -0.042740  0.018729  0.022375  0.998660
1305031113.479311  0.051781 -0.027075  0.209232 -0.046597  0.010719  0.017438  0.998704
1305031113.511523  0.039272 -0.029635  0.214208 -0.051486  0.003097  0.016102  0.998539
1305031113.543242  0.026021 -0.031483  0.218828 -0.053910 -0.004311  0.013808  0.998441
1305031113.579301  0.011649 -0.025536  0.220077 -0.051806 -0.009951  0.008636  0.998570
1305031113.611268  0.000874 -0.025283  0.224036 -0.054655 -0.014675  0.004014  0.998389
1305031113.643222 -0.011112 -0.024497  0.227077 -0.057147 -0.016073  0.000621  0.998236
1305031113.679288 -0.026766 -0.025820  0.226986 -0.058530 -0.015054 -0.003092  0.998167
1305031113.711931 -0.037711 -0.025920  0.230032 -0.058801 -0.015884 -0.007385  0.998116
1305031113.743590 -0.049885 -0.024277  0.230458 -0.057570 -0.013905 -0.012664  0.998164
1305031113.779320 -0.065851 -0.028284  0.229314 -0.057691 -0.010665 -0.017329  0.998127
1305031113.811237 -0.078753 -0.026592  0.229180 -0.056265 -0.009938 -0.019327  0.998179
1305031113.843295 -0.092206 -0.023512  0.229143 -0.056324 -0.007704 -0.022491  0.998129
1305031113.879281 -0.108387 -0.031817  0.231585 -0.057542 -0.006908 -0.026560  0.997966
1305031113.911290 -0.119662 -0.025122  0.231505 -0.052351 -0.008930 -0.027233  0.998217
1305031113.943291 -0.129652 -0.024354  0.234452 -0.049794 -0.008094 -0.028809  0.998311
1305031113.979293 -0.145692 -0.024068  0.233822 -0.046473 -0.005554 -0.033846  0.998331
1305031114.011257 -0.162967 -0.021588  0.232304 -0.042534 -0.003802 -0.039232  0.998317
1305031114.043301 -0.183224 -0.022099  0.232007 -0.041557 -0.004797 -0.040949  0.998285
1305031114.079285 -0.197410 -0.022258  0.232955 -0.039363 -0.010531 -0.040888  0.998332
1305031114.111263 -0.209942 -0.017029  0.233719 -0.035640 -0.016545 -0.044089  0.998255
1305031114.143284 -0.220864 -0.016269  0.235910 -0.035654 -0.022595 -0.046580  0.998022
1305031114.179337 -0.227937 -0.019559  0.239337 -0.034053 -0.027050 -0.047910  0.997904
1305031114.211303 -0.240659 -0.009294  0.237999 -0.029490 -0.027440 -0.049937  0.997940
1305031114.243337 -0.258330 -0.011124  0.239955 -0.032589 -0.028906 -0.053654  0.997609
1305031114.279390 -0.273971 -0.010610  0.240530 -0.032273 -0.034553 -0.055332  0.997348
1305031114.311429 -0.281745 -0.006957  0.244488 -0.032652 -0.044478 -0.054439  0.996991
1305031114.343331 -0.285941 -0.006871  0.249237 -0.033768 -0.052826 -0.056466  0.996434
1305031114.379320 -0.294011 -0.008370  0.250593 -0.034080 -0.055835 -0.060114  0.996046
1305031114.411397 -0.307656 -0.007673  0.250398 -0.032858 -0.056793 -0.064650  0.995749
1305031114.443345 -0.321223 -0.003827  0.253146 -0.031952 -0.060330 -0.066019  0.995480
1305031114.479332 -0.334020 -0.005137  0.255854 -0.032717 -0.066997 -0.066555  0.994993
1305031114.511266 -0.336524 -0.000116  0.258897 -0.031627 -0.077313 -0.067742  0.994200
1305031114.543236 -0.336152 -0.003453  0.261341 -0.035771 -0.083979 -0.066225  0.993621
1305031114.579237 -0.340389 -0.004571  0.263560 -0.037256 -0.085197 -0.062605  0.993697
1305031114.611391 -0.346290 -0.001251  0.264601 -0.038735 -0.085727 -0.059989  0.993756
1305031114.644136 -0.355461 -0.001443  0.268081 -0.043670 -0.087055 -0.059282  0.993479
1305031114.679251 -0.360873 -0.004704  0.270060 -0.047332 -0.093271 -0.060221  0.992690
1305031114.711306 -0.358639 -0.007773  0.272244 -0.048759 -0.099736 -0.058941  0.992069
1305031114.743200 -0.358673 -0.010133  0.272090 -0.048315 -0.103650 -0.062246  0.991488
1305031114.779289 -0.355598 -0.009608  0.270089 -0.045768 -0.106446 -0.065027  0.991134
1305031114.811303 -0.354050 -0.006493  0.268684 -0.044906 -0.106599 -0.065583  0.991120
1305031114.843208 -0.352474 -0.007615  0.268011 -0.045284 -0.107550 -0.068075  0.990832
1305031114.879281 -0.347255 -0.003826  0.268239 -0.044684 -0.108490 -0.067498  0.990796
1305031114.912879 -0.343810 -0.001774  0.267892 -0.045359 -0.108766 -0.067527  0.990733
1305031114.943234 -0.332923  0.001355  0.268732 -0.047168 -0.110551 -0.068660  0.990373
1305031114.979280 -0.327628  0.004357  0.269481 -0.048687 -0.107808 -0.069609  0.990536
1305031115.011300 -0.319650  0.007881  0.270062 -0.052312 -0.106996 -0.070513  0.990375
1305031115.043508 -0.310185  0.002639  0.273788 -0.058011 -0.104954 -0.071065  0.990237
1305031115.079238 -0.301914  0.006709  0.273886 -0.058408 -0.101139 -0.072048  0.990540
1305031115.111230 -0.287141  0.006689  0.276992 -0.062020 -0.097715 -0.071293  0.990718
1305031115.143275 -0.279253  0.002879  0.278546 -0.064798 -0.087221 -0.069564  0.991642
1305031115.179440 -0.275205  0.005163  0.279400 -0.065715 -0.081156 -0.069306  0.992115
1305031115.211374 -0.261062 -0.000583  0.286189 -0.067894 -0.079302 -0.066271  0.992325
1305031115.243297 -0.250949 -0.004733  0.286200 -0.064363 -0.072247 -0.063495  0.993280
1305031115.279966 -0.235845  0.002696  0.286410 -0.060944 -0.070059 -0.059619  0.993893
1305031115.311704 -0.215119 -0.003089  0.296648 -0.062529 -0.066792 -0.053729  0.994355
1305031115.343235 -0.206372 -0.001129  0.291287 -0.057916 -0.054600 -0.051391  0.995502
1305031115.379166 -0.207688  0.002933  0.284189 -0.061636 -0.045933 -0.047796  0.995895
1305031115.411237 -0.192537 -0.001369  0.291157 -0.069271 -0.052693 -0.045144  0.995182
1305031115.443159 -0.170181 -0.002095  0.296195 -0.072779 -0.056346 -0.039747  0.994962
1305031115.479241 -0.156935 -0.001350  0.296992 -0.076802 -0.054435 -0.034612  0.994957
1305031115.511253 -0.119986 -0.010460  0.302532 -0.082596 -0.059334 -0.030209  0.994357
1305031115.543604 -0.104087 -0.009877  0.305299 -0.081409 -0.044656 -0.025023  0.995365
1305031115.579315 -0.097610 -0.013121  0.297299 -0.081246 -0.028064 -0.020346  0.996091
1305031115.611424 -0.084959 -0.013977  0.296438 -0.080166 -0.020197 -0.015422  0.996458
1305031115.643254 -0.068502 -0.015331  0.296677 -0.078483 -0.013106 -0.008217  0.996795
1305031115.679241 -0.060061 -0.019174  0.289948 -0.077680 -0.006944  0.001452  0.996953
1305031115.711320 -0.042912 -0.014324  0.291155 -0.074944 -0.007222  0.009072  0.997120
1305031115.743250 -0.026091 -0.013852  0.294465 -0.073875  0.000230  0.014201  0.997166
1305031115.779425 -0.011698 -0.015609  0.290284 -0.071596  0.010919  0.019746  0.997178
1305031115.811277 -0.001977 -0.011957  0.288978 -0.068981  0.022848  0.024675  0.997051
1305031115.843224  0.014957 -0.016728  0.285374 -0.072548  0.032953  0.031492  0.996323
1305031115.879198  0.022760 -0.023599  0.278276 -0.073210  0.042641  0.039748  0.995611
1305031115.911118  0.037257 -0.018380  0.277347 -0.068949  0.046328  0.045518  0.995504
1305031115.943311  0.053563 -0.018531  0.275804 -0.070116  0.052964  0.052322  0.994757
1305031115.980740  0.062416 -0.015123  0.275746 -0.070000  0.061052  0.057614  0.994009
1305031116.011379  0.082403 -0.013512  0.275679 -0.072302  0.068367  0.061748  0.993119
1305031116.043164  0.095447 -0.010529  0.277488 -0.074046  0.081248  0.062944  0.991945
1305031116.080030  0.096446 -0.003473  0.278119 -0.075826  0.096300  0.066392  0.990237
1305031116.111300  0.100316 -0.002865  0.281424 -0.082136  0.109977  0.069899  0.988065
1305031116.143441  0.096405 -0.002663  0.285201 -0.085723  0.125485  0.073543  0.985645
1305031116.179572 0.103749 0.000110 0.286254 -0.086712  0.132318  0.076551  0.984435
1305031116.211299 0.115157 0.001359 0.287559 -0.090453  0.137804  0.080472  0.983032
1305031116.243320  0.127469 -0.006745  0.289882 -0.096348  0.144092  0.084261  0.981252
1305031116.279385  0.137408 -0.008668  0.288897 -0.097509  0.153255  0.086512  0.979551
1305031116.311336  0.138361 -0.006363  0.289860 -0.099028  0.165719  0.089703  0.977079
1305031116.343292  0.141200 -0.019065  0.293738 -0.104843  0.174880  0.094209  0.974448
1305031116.379384  0.142611 -0.020787  0.292797 -0.099534  0.179585  0.093884  0.974181
1305031116.411333  0.144229 -0.021013  0.287096 -0.096362  0.181571  0.096884  0.973838
1305031116.443369  0.144981 -0.019151  0.284326 -0.097636  0.183806  0.106163  0.972323
1305031116.479850  0.146033 -0.026743  0.284759 -0.100676  0.184961  0.110239  0.971340
1305031116.511205  0.142749 -0.026042  0.281579 -0.098279  0.183840  0.106511  0.972214
1305031116.543262  0.133170 -0.024211  0.280153 -0.095113  0.185381  0.101492  0.972773
1305031116.579313  0.119908 -0.023849  0.279530 -0.095259  0.185499  0.098927  0.973000
1305031116.611261  0.107777 -0.031374  0.280068 -0.098120  0.180834  0.093528  0.974127
1305031116.643355  0.100340 -0.030153  0.276173 -0.096352  0.169998  0.085813  0.976961
1305031116.679281  0.092976 -0.029110  0.275579 -0.096214  0.159920  0.077528  0.979366
1305031116.711634  0.079180 -0.027317  0.273422 -0.095167  0.154920  0.067875  0.980987
1305031116.743291  0.065781 -0.027826  0.272136 -0.097704  0.148748  0.056773  0.982397
1305031116.779298  0.054643 -0.027758  0.272717 -0.100722  0.142073  0.046818  0.983605
1305031116.811318  0.040155 -0.028967  0.273818 -0.101388  0.137107  0.038914  0.984585
1305031116.846089  0.027182 -0.028693  0.270650 -0.100118  0.125785  0.032291  0.986464
1305031116.880165  0.015232 -0.030684  0.271038 -0.102940  0.112978  0.026381  0.987898
1305031116.912044  0.000508 -0.035880  0.268348 -0.105071  0.100797  0.022257  0.989093
1305031116.943296 -0.009998 -0.035817  0.264809 -0.106597  0.083842  0.016015  0.990632
1305031116.979351 -0.023920 -0.038171  0.265444 -0.107605  0.069894  0.006640  0.991712
1305031117.011382 -0.035574 -0.036966  0.265063 -0.106128  0.055392 -0.002409  0.992806
1305031117.043261 -0.047758 -0.033951  0.263750 -0.106211  0.043483 -0.007874  0.993361
1305031117.079520 -0.060345 -0.030570  0.264764 -0.107940  0.032725 -0.012160  0.993544
1305031117.111238 -0.070243 -0.032116  0.264654 -0.111409  0.020093 -0.012167  0.993497
1305031117.143218 -0.076345 -0.027032  0.264879 -0.112777  0.007429 -0.012222  0.993517
1305031117.179264 -0.084369 -0.023778  0.268315 -0.115229 -0.002554 -0.016496  0.993199
1305031117.211361 -0.085622 -0.022304  0.272808 -0.117176 -0.012089 -0.019397  0.992848
1305031117.243277 -0.086446 -0.015737  0.275116 -0.118755 -0.016065 -0.021155  0.992568
1305031117.279299 -0.087922 -0.015898  0.280354 -0.123595 -0.016376 -0.025612  0.991867
1305031117.311200 -0.091320 -0.019293  0.282249 -0.128112 -0.014543 -0.026696  0.991294
1305031117.343243 -0.093934 -0.023155  0.283911 -0.130562 -0.014687 -0.027111  0.990961
1305031117.379454 -0.094446 -0.027548  0.284708 -0.130494 -0.015095 -0.027532  0.990952
1305031117.411221 -0.097698 -0.033224  0.284428 -0.129830 -0.015640 -0.026399  0.991061
1305031117.443274 -0.096964 -0.034960  0.284424 -0.126236 -0.017784 -0.025183  0.991521
1305031117.479403 -0.098447 -0.040956  0.284812 -0.124882 -0.018242 -0.023492  0.991726
1305031117.511325 -0.098524 -0.048281  0.286862 -0.122187 -0.020023 -0.021403  0.992074
1305031117.544285 -0.099823 -0.052423  0.285568 -0.116762 -0.020501 -0.021083  0.992724
1305031117.579155 -0.102315 -0.058111  0.285586 -0.113700 -0.021394 -0.022898  0.993021
1305031117.611159 -0.103206 -0.062937  0.288323 -0.112074 -0.022997 -0.022232  0.993185
1305031117.643252 -0.103897 -0.070706  0.291260 -0.110596 -0.025097 -0.021082  0.993325
1305031117.679262 -0.105243 -0.075213  0.293832 -0.109653 -0.027385 -0.020429  0.993383
1305031117.711184 -0.104011 -0.084213  0.299682 -0.110684 -0.030533 -0.018135  0.993221
1305031117.743184 -0.104647 -0.093775  0.304194 -0.110890 -0.032471 -0.014983  0.993189
1305031117.779467 -0.105013 -0.098288  0.308167 -0.109541 -0.034853 -0.012615  0.993291
1305031117.811320 -0.103004 -0.108706  0.316747 -0.111112 -0.037785 -0.010219  0.993037
1305031117.843291 -0.098759 -0.116624  0.323091 -0.108455 -0.039127 -0.009270  0.993288
1305031117.879451 -0.099453 -0.121956  0.327022 -0.106063 -0.035912 -0.009297  0.993667
1305031117.911407 -0.101864 -0.133049  0.332203 -0.106026 -0.033353 -0.009655  0.993757
1305031117.943253 -0.101472 -0.138445  0.336944 -0.103750 -0.031762 -0.009795  0.994048
1305031117.979228 -0.104235 -0.144741  0.341508 -0.104691 -0.029337 -0.010371  0.994018
1305031118.011228 -0.103438 -0.156361  0.350719 -0.107141 -0.029684 -0.010296  0.993747
1305031118.043521 -0.103574 -0.165475  0.355934 -0.106135 -0.028382 -0.010233  0.993894
1305031118.079334 -0.102613 -0.172244  0.362126 -0.105382 -0.027692 -0.011597  0.993979
1305031118.111217 -0.099448 -0.181733  0.370341 -0.104794 -0.024736 -0.012799  0.994104
1305031118.143256 -0.103770 -0.191039  0.372496 -0.103297 -0.018740 -0.014955  0.994362
1305031118.179323 -0.103324 -0.202227  0.378788 -0.103324 -0.016375 -0.016980  0.994368
1305031118.211202 -0.108064 -0.214203  0.381534 -0.100857 -0.012313 -0.016394  0.994690
1305031118.243173 -0.109528 -0.222160  0.384916 -0.097487 -0.013125 -0.016411  0.995015
1305031118.279194 -0.106634 -0.235171  0.391060 -0.095042 -0.014571 -0.016726  0.995226
1305031118.311299 -0.108312 -0.242917  0.393221 -0.088329 -0.014343 -0.017433  0.995836
1305031118.343324 -0.104374 -0.245894  0.397647 -0.082679 -0.014796 -0.018101  0.996302
1305031118.379208 -0.109634 -0.252999  0.398692 -0.078491 -0.011572 -0.019834  0.996650
1305031118.411296 -0.111091 -0.254200  0.400275 -0.074676 -0.013062 -0.019641  0.996929
1305031118.445692 -0.107942 -0.255933  0.404319 -0.073965 -0.014151 -0.016518  0.997024
1305031118.479285 -0.109085 -0.260463  0.405748 -0.074130 -0.013995 -0.014410  0.997046
1305031118.511255 -0.106111 -0.256513  0.406839 -0.070984 -0.015026 -0.012817  0.997282
1305031118.544414 -0.105755 -0.250045  0.406756 -0.070884 -0.014312 -0.013679  0.997288
1305031118.579285 -0.102678 -0.248006  0.408333 -0.073044 -0.014215 -0.013696  0.997133
1305031118.616142 -0.100445 -0.241392  0.407862 -0.072659 -0.012888 -0.015573  0.997152
1305031118.645325 -0.103380 -0.232714  0.404293 -0.072741 -0.009678 -0.018659  0.997129
1305031118.679295 -0.105591 -0.228954  0.401528 -0.076930 -0.007679 -0.020599  0.996794
1305031118.711421 -0.108758 -0.228714  0.399192 -0.079645 -0.007175 -0.024149  0.996505
1305031118.746770 -0.114799 -0.216006  0.392086 -0.075830 -0.007556 -0.024068  0.996802
1305031118.779277 -0.110353 -0.195447  0.385039 -0.074926 -0.012612 -0.023198  0.996839
1305031118.811221 -0.105891 -0.195741  0.387209 -0.081895 -0.016524 -0.024682  0.996198
1305031118.846753 -0.100287 -0.186003  0.382590 -0.077757 -0.018218 -0.023178  0.996536
1305031118.879208 -0.101114 -0.159763  0.371321 -0.071960 -0.015291 -0.024919  0.996979
1305031118.911177 -0.103174 -0.157009  0.366103 -0.076852 -0.013486 -0.027832  0.996563
1305031118.946974 -0.102780 -0.144587  0.357538 -0.075420 -0.012278 -0.029059  0.996653
1305031118.979374 -0.106529 -0.128146  0.348800 -0.074804 -0.010196 -0.033265  0.996591
1305031119.011363 -0.107968 -0.120136  0.341355 -0.079478 -0.010180 -0.035692  0.996145
1305031119.047172 -0.109176 -0.112676  0.334754 -0.082346 -0.010618 -0.036250  0.995888
1305031119.079223 -0.112365 -0.103036  0.327258 -0.082896 -0.012011 -0.036317  0.995824
1305031119.111328 -0.112151 -0.094489  0.320216 -0.083712 -0.015886 -0.035349  0.995736
1305031119.147616 -0.114191 -0.082133  0.311326 -0.083217 -0.018626 -0.033769  0.995785
1305031119.179226 -0.112913 -0.078120  0.306504 -0.085238 -0.023598 -0.033508  0.995517
1305031119.211364 -0.110745 -0.066201  0.299809 -0.081764 -0.026154 -0.032157  0.995789
1305031119.247399 -0.111587 -0.055305  0.293274 -0.080828 -0.027065 -0.030959  0.995879
1305031119.279212 -0.110630 -0.045122  0.288278 -0.080476 -0.028447 -0.030845  0.995873
1305031119.311212 -0.111314 -0.037745  0.282425 -0.081099 -0.028511 -0.028471  0.995891
1305031119.347741 -0.112595 -0.030742  0.277268 -0.080796 -0.029851 -0.025967  0.995945
1305031119.379239 -0.111282 -0.017241  0.271918 -0.078941 -0.032557 -0.025228  0.996028
1305031119.411484 -0.107739 -0.009084  0.270072 -0.080245 -0.033640 -0.024773  0.995899
1305031119.447706 -0.107210 -0.000740  0.266495 -0.081299 -0.031295 -0.024296  0.995902
1305031119.479267 -0.109249  0.012512  0.260635 -0.078559 -0.028505 -0.025243  0.996182
1305031119.511240 -0.112094  0.021696  0.254955 -0.080389 -0.026392 -0.024916  0.996103
1305031119.547382 -0.112151  0.032737  0.251001 -0.081422 -0.026397 -0.023457  0.996054
1305031119.579559 -0.110308  0.047598  0.247676 -0.082138 -0.025891 -0.023558  0.996006
1305031119.615017 -0.111902  0.053025  0.244602 -0.087546 -0.023472 -0.023065  0.995617
1305031119.647903 -0.113017  0.066238  0.240101 -0.089360 -0.022579 -0.022338  0.995493
1305031119.679208 -0.110132  0.079656  0.240253 -0.092728 -0.021635 -0.023989  0.995167
1305031119.715232 -0.110258  0.086594  0.239441 -0.099724 -0.017080 -0.021993  0.994625
1305031119.747193 -0.113221  0.091687  0.235398 -0.105037 -0.014588 -0.017122  0.994214
1305031119.779169 -0.113345  0.100246  0.234304 -0.108390 -0.016321 -0.014564  0.993868
1305031119.814537 -0.110083  0.109478  0.234531 -0.110648 -0.018590 -0.010002  0.993635
1305031119.847429 -0.108736  0.118168  0.232988 -0.113511 -0.017938 -0.005888  0.993357
1305031119.879214 -0.107495  0.122075  0.232708 -0.115674 -0.016886 -0.004919  0.993131
1305031119.911401 -0.110139  0.134873  0.225212 -0.113555 -0.013578 -0.005452  0.993424
1305031119.947392 -0.109542  0.141686  0.224917 -0.118289 -0.012328 -0.005311  0.992889
1305031119.979537 -0.108162  0.145519  0.224427 -0.121495 -0.009842 -0.006678  0.992521
1305031120.015264 -0.110835  0.154691  0.217524 -0.124692 -0.005136 -0.006372  0.992162
1305031120.047290 -0.110624  0.151996  0.219792 -0.135221 -0.005179 -0.003260  0.990797
1305031120.079418 -0.111099  0.151113  0.218867 -0.137762 -0.007209 -0.000798  0.990439
1305031120.115232 -0.111371  0.155603  0.218533 -0.137904 -0.009590  0.001105  0.990399
1305031120.148157 -0.108762  0.152823  0.222983 -0.140868 -0.011693  0.002410  0.989956
1305031120.179246 -0.107227  0.149006  0.225873 -0.140341 -0.011799  0.005773  0.990016
1305031120.215249 -0.107752  0.145029  0.225798 -0.135743 -0.011513  0.006088  0.990659
1305031120.248003 -0.107135  0.140052  0.226485 -0.132099 -0.011796  0.003409  0.991161
1305031120.279430 -0.106414  0.134130  0.229674 -0.128959 -0.011523  0.001491  0.991582
1305031120.315196 -0.106615  0.126475  0.232154 -0.126550 -0.011131 -0.000712  0.991897
1305031120.347787 -0.106204  0.119192  0.235769 -0.122708 -0.010925 -0.002494  0.992380
1305031120.379437 -0.105249  0.108842  0.241786 -0.122068 -0.011729 -0.002229  0.992450
1305031120.415445 -0.104436  0.094803  0.249311 -0.117270 -0.012661 -0.002001  0.993017
1305031120.447417 -0.104263  0.089124  0.250070 -0.109182 -0.013205 -0.002964  0.993930
1305031120.479432 -0.101541  0.075142  0.258614 -0.108332 -0.015155 -0.001559  0.993998
1305031120.514819 -0.103271  0.065083  0.263434 -0.101572 -0.016116  0.000234  0.994698
1305031120.547736 -0.103312  0.058580  0.267323 -0.093981 -0.019090  0.002178  0.995389
1305031120.579551 -0.104918  0.051483  0.270663 -0.090062 -0.022107  0.005146  0.995678
1305031120.615236 -0.102932  0.042496  0.278699 -0.086915 -0.027127  0.008206  0.995812
1305031120.647354 -0.101552  0.036021  0.283528 -0.081075 -0.030255  0.008491  0.996213
1305031120.679318 -0.099640  0.030513  0.289577 -0.077747 -0.032405  0.009584  0.996400
1305031120.714522 -0.099372  0.023152  0.293943 -0.075197 -0.032873  0.010417  0.996572
1305031120.747369 -0.100123  0.013773  0.298920 -0.074345 -0.034762  0.011025  0.996566
1305031120.779894 -0.096942  0.004287  0.306027 -0.072279 -0.038077  0.011299  0.996593
1305031120.814944 -0.097819 -0.000997  0.307007 -0.068420 -0.037724  0.010418  0.996889
1305031120.847921 -0.097448 -0.010399  0.312944 -0.069553 -0.039050  0.008939  0.996774
1305031120.883435 -0.094789 -0.019464  0.318475 -0.067064 -0.039699  0.007539  0.996930
1305031120.915444 -0.096432 -0.025300  0.319324 -0.064768 -0.037542  0.005355  0.997179
1305031120.947488 -0.097393 -0.034618  0.323704 -0.065027 -0.037056  0.003478  0.997189
1305031120.983366 -0.098600 -0.043814  0.326540 -0.064635 -0.036676  0.001350  0.997234
1305031121.015019 -0.098188 -0.052610  0.330507 -0.062793 -0.037680  0.000085  0.997315
1305031121.047498 -0.099328 -0.057669  0.332567 -0.061147 -0.037178 -0.000825  0.997436
1305031121.083099 -0.100639 -0.072476  0.335486 -0.061855 -0.038044 -0.001925  0.997358
1305031121.114696 -0.100149 -0.079069  0.338142 -0.058544 -0.039694 -0.001738  0.997494
1305031121.147331 -0.100905 -0.086907  0.340729 -0.056532 -0.040190 -0.002137  0.997589
1305031121.183271 -0.100775 -0.095503  0.344203 -0.054517 -0.041798 -0.002565  0.997634
1305031121.211420 -0.097108 -0.104355  0.350167 -0.052033 -0.042992 -0.002466  0.997716
1305031121.247194 -0.100928 -0.111462  0.350295 -0.049696 -0.040257 -0.003412  0.997947
1305031121.282876 -0.100911 -0.122867  0.354788 -0.050599 -0.041842 -0.002307  0.997839
1305031121.313568 -0.099220 -0.134033  0.359467 -0.048415 -0.042531 -0.001371  0.997920
1305031121.347517 -0.102550 -0.141257  0.360794 -0.046234 -0.042617 -0.000324  0.998021
1305031121.383226 -0.097898 -0.151978  0.368345 -0.045091 -0.045790  0.001009  0.997932
1305031121.414318 -0.098602 -0.159282  0.369691 -0.040062 -0.044539 -0.000326  0.998204
1305031121.447319 -0.097471 -0.164669  0.374002 -0.038154 -0.044686  0.000971  0.998272
1305031121.482964 -0.094412 -0.179628  0.381265 -0.038346 -0.043645  0.002347  0.998308
1305031121.514107 -0.098915 -0.183500  0.380069 -0.033766 -0.040469  0.002834  0.998606
1305031121.547270 -0.097723 -0.187718  0.383402 -0.034229 -0.040965  0.003613  0.998568
1305031121.583204 -0.096658 -0.201329  0.388816 -0.037160 -0.040091  0.002612  0.998501
1305031121.614700 -0.094948 -0.208953  0.392070 -0.035849 -0.038944  0.001505  0.998597
1305031121.647183 -0.093951 -0.212399  0.395440 -0.034289 -0.035178 -0.001132  0.998792
1305031121.683200 -0.097867 -0.221275  0.398191 -0.037210 -0.030451 -0.002704  0.998840
1305031121.714520 -0.101218 -0.228940  0.399653 -0.037834 -0.028783 -0.001754  0.998868
1305031121.747145 -0.101434 -0.232840  0.402679 -0.039263 -0.028652 -0.001383  0.998817
1305031121.782835 -0.101578 -0.240998  0.406316 -0.041586 -0.028084  0.000549  0.998740
1305031121.811540 -0.098726 -0.243291  0.410226 -0.042161 -0.027673  0.002779  0.998724
1305031121.847335 -0.100706 -0.246106  0.411493 -0.043968 -0.025175  0.005635  0.998700
1305031121.882060 -0.102475 -0.249234  0.411962 -0.046503 -0.024169  0.011425  0.998560
1305031121.914931 -0.102507 -0.250483  0.411690 -0.048467 -0.025925  0.013722  0.998394
1305031121.947288 -0.098140 -0.248904  0.414380 -0.047990 -0.029472  0.014069  0.998314
1305031121.982926 -0.097202 -0.240857  0.414039 -0.046304 -0.029407  0.013812  0.998399
1305031122.014256 -0.100341 -0.239626  0.411640 -0.047423 -0.028388  0.011304  0.998407
1305031122.047306 -0.099581 -0.233001  0.408839 -0.045647 -0.030144  0.007813  0.998472
1305031122.082959 -0.097941 -0.226831  0.406791 -0.045003 -0.031243  0.004416  0.998488
1305031122.114672 -0.098320 -0.215697  0.401411 -0.042850 -0.031321  0.001034  0.998590
1305031122.150725 -0.097710 -0.210062  0.397451 -0.044469 -0.031866 -0.004226  0.998493
1305031122.183042 -0.096021 -0.198849  0.392900 -0.042198 -0.031445 -0.009087  0.998573
1305031122.214959 -0.098992 -0.176634  0.384290 -0.041756 -0.029063 -0.014255  0.998603
1305031122.251319 -0.100778 -0.174580  0.381758 -0.049642 -0.028108 -0.017973  0.998210
1305031122.283560 -0.104670 -0.160970  0.374294 -0.049267 -0.027806 -0.020429  0.998189
1305031122.314289 -0.106836 -0.144515  0.366640 -0.054085 -0.029581 -0.024298  0.997802
1305031122.351327 -0.106175 -0.137845  0.363271 -0.061585 -0.032482 -0.026895  0.997211
1305031122.382630 -0.110203 -0.125496  0.355610 -0.065868 -0.033263 -0.027768  0.996887
1305031122.414997 -0.111933 -0.120894  0.349906 -0.071312 -0.037246 -0.028371  0.996355
1305031122.451257 -0.111934 -0.109735  0.342971 -0.073043 -0.042030 -0.026820  0.996082
1305031122.483360 -0.111717 -0.102411  0.337181 -0.077158 -0.047100 -0.026409  0.995556
1305031122.515097 -0.109544 -0.091637  0.332478 -0.078242 -0.051966 -0.027373  0.995203
1305031122.551490 -0.105708 -0.081063  0.327993 -0.079751 -0.054244 -0.028692  0.994924
1305031122.583208 -0.106229 -0.073883  0.322131 -0.082088 -0.052853 -0.030376  0.994759
1305031122.614980 -0.110779 -0.068008  0.315442 -0.083915 -0.051507 -0.029929  0.994691
1305031122.648788 -0.110538 -0.057813  0.309091 -0.082497 -0.053542 -0.029021  0.994729
1305031122.683402 -0.110931 -0.048049  0.302694 -0.082164 -0.054566 -0.027821  0.994735
1305031122.715208 -0.113141 -0.039240  0.296852 -0.082541 -0.056537 -0.025033  0.994668
1305031122.751298 -0.110624 -0.025025  0.293070 -0.081230 -0.060154 -0.024098  0.994587
1305031122.783423 -0.109209 -0.012721  0.287781 -0.084083 -0.060805 -0.024935  0.994289
1305031122.812555 -0.107147 -0.006270  0.288949 -0.090400 -0.061047 -0.025292  0.993711
1305031122.851418 -0.103937  0.002326  0.287884 -0.092572 -0.058287 -0.027521  0.993617
1305031122.883754 -0.106420  0.012093  0.282764 -0.095441 -0.050986 -0.027950  0.993736
1305031122.914571 -0.108396  0.015660  0.280034 -0.100596 -0.048069 -0.026508  0.993412
1305031122.951341 -0.108658  0.022890  0.277454 -0.101672 -0.047391 -0.025827  0.993353
1305031122.982815 -0.110383  0.032765  0.272658 -0.102735 -0.046767 -0.022448  0.993355
1305031123.015450 -0.108456  0.037838  0.271756 -0.106132 -0.048732 -0.018764  0.992980
1305031123.051827 -0.107320  0.044189  0.269681 -0.105893 -0.048705 -0.017172  0.993035
1305031123.082975 -0.108516  0.055654  0.263819 -0.104276 -0.047148 -0.014882  0.993319
1305031123.113873 -0.108184  0.064971  0.260876 -0.107253 -0.046053 -0.012661  0.993084
1305031123.150822 -0.108444  0.072429  0.259626 -0.110521 -0.045450 -0.012079  0.992761
1305031123.182155 -0.105270  0.084810  0.258664 -0.111827 -0.044893 -0.011717  0.992644
1305031123.214704 -0.104888  0.093959  0.257072 -0.116469 -0.040283 -0.012336  0.992300
1305031123.250618 -0.106320  0.105978  0.252451 -0.121231 -0.035723 -0.014200  0.991880
1305031123.282347 -0.104881  0.114379  0.254111 -0.130309 -0.033252 -0.011442  0.990850
1305031123.311327 -0.103096  0.120531  0.254946 -0.137199 -0.029916 -0.010764  0.990033
1305031123.350481 -0.102344  0.126598  0.254420 -0.143227 -0.025880 -0.010979  0.989290
1305031123.382255 -0.100310  0.134294  0.254195 -0.148312 -0.021804 -0.008033  0.988668
1305031123.411363 -0.098830  0.136814  0.253338 -0.153966 -0.017459 -0.005976  0.987904
1305031123.451255 -0.099611  0.143999  0.248119 -0.156217 -0.014064 -0.005316  0.987608
1305031123.483594 -0.097992  0.152824  0.246165 -0.159959 -0.012411 -0.001472  0.987045
1305031123.511360 -0.096913  0.155882  0.244506 -0.165136 -0.010785  0.001644  0.986211
1305031123.551513 -0.096719  0.163463  0.240526 -0.166408 -0.010390  0.003478  0.985996
1305031123.579583 -0.093330  0.170012  0.241357 -0.169052 -0.011341  0.006644  0.985519
1305031123.611335 -0.092689  0.179658  0.236516 -0.168677 -0.009396  0.007489  0.985598
1305031123.652411 -0.090956  0.188060  0.235874 -0.171926 -0.007695  0.006999  0.985055
1305031123.683753 -0.090311  0.195191  0.235054 -0.175327 -0.004002  0.007317  0.984475
1305031123.711323 -0.089200  0.200013  0.233854 -0.180235 -0.000471  0.008087  0.983590
1305031123.751723 -0.087010  0.198570  0.234027 -0.186701  0.000626  0.010863  0.982357
1305031123.783858 -0.086541  0.199448  0.232941 -0.189360  0.000155  0.012798  0.981824
1305031123.811608 -0.085842  0.201389  0.232586 -0.190144 -0.000330  0.013670  0.981661
1305031123.851444 -0.085027  0.200907  0.232718 -0.191887 -0.000738  0.016141  0.981284
1305031123.883786 -0.083092  0.195640  0.234634 -0.194262 -0.003282  0.018000  0.980779
1305031123.911243 -0.082537  0.194775  0.234482 -0.190320 -0.005101  0.017099  0.981560
1305031123.951442 -0.086144  0.195336  0.231364 -0.188742 -0.003197  0.017872  0.981859
1305031123.983415 -0.083377  0.184529  0.237878 -0.194727 -0.007321  0.021693  0.980590
1305031124.011302 -0.084227  0.177490  0.240476 -0.190146 -0.010961  0.021621  0.981457
1305031124.051505 -0.086497  0.176601  0.240734 -0.183417 -0.012822  0.021361  0.982720
1305031124.083837 -0.084292  0.169727  0.247108 -0.183443 -0.017155  0.023290  0.982605
1305031124.111331 -0.081790  0.160379  0.252973 -0.177929 -0.021617  0.022716  0.983544
1305031124.147446 -0.081390  0.156353  0.253171 -0.170874 -0.023034  0.019235  0.984836
1305031124.182694 -0.080082  0.146648  0.260070 -0.171122 -0.025323  0.018170  0.984757
1305031124.211396 -0.078380  0.135882  0.266698 -0.165867 -0.027721  0.016994  0.985612
1305031124.249327 -0.083217  0.128551  0.263939 -0.159870 -0.026194  0.016028  0.986660
1305031124.282545 -0.083758  0.120633  0.266718 -0.159388 -0.030336  0.016204  0.986617
1305031124.311361 -0.081452  0.109662  0.273939 -0.156306 -0.035682  0.017693  0.986905
1305031124.350354 -0.081945  0.103508  0.275045 -0.149933 -0.038658  0.016777  0.987798
1305031124.382420 -0.080733  0.093361  0.280103 -0.146712 -0.041565  0.015794  0.988179
1305031124.411439 -0.080291  0.083616  0.284216 -0.141252 -0.043238  0.015664  0.988905
1305031124.450245 -0.080711  0.073770  0.286476 -0.134039 -0.044243  0.013607  0.989894
1305031124.480099 -0.081786  0.061313  0.289134 -0.128318 -0.045011  0.010967  0.990650
1305031124.511324 -0.083862  0.054538  0.290230 -0.120060 -0.045883  0.008933  0.991666
1305031124.550437 -0.084496  0.044203  0.293182 -0.115828 -0.047506  0.006475  0.992111
1305031124.579404 -0.085283  0.032556  0.297840 -0.112198 -0.049950  0.004142  0.992421
1305031124.611358 -0.084842  0.023456  0.302510 -0.106269 -0.052778  0.002533  0.992933
1305031124.651271 -0.085401  0.013959  0.306505 -0.101973 -0.054951  0.001104  0.993268
1305031124.679362 -0.083764  0.003738  0.314150 -0.097499 -0.057712 -0.000520  0.993561
1305031124.711251 -0.083615 -0.004247  0.318182 -0.091979 -0.057880 -0.002395  0.994074
1305031124.749890 -0.084599 -0.016607  0.323387 -0.090126 -0.057739 -0.003936  0.994247
1305031124.779365 -0.085237 -0.025638  0.328795 -0.085686 -0.058953 -0.004573  0.994566
1305031124.811360 -0.084916 -0.035702  0.334017 -0.083375 -0.060085 -0.004745  0.994694
1305031124.850535 -0.085033 -0.046654  0.342182 -0.082969 -0.061617 -0.005071  0.994632
1305031124.879355 -0.081281 -0.056707  0.351727 -0.080187 -0.063194 -0.005321  0.994760
1305031124.911448 -0.082664 -0.063273  0.356341 -0.077591 -0.060071 -0.005732  0.995157
1305031124.950730 -0.082800 -0.072248  0.364371 -0.079854 -0.058870 -0.005774  0.995050
1305031124.979438 -0.084017 -0.089328  0.371672 -0.079944 -0.057479 -0.004300  0.995131
1305031125.011454 -0.087961 -0.098139  0.374384 -0.074632 -0.058486 -0.003478  0.995489
1305031125.050763 -0.083230 -0.098023  0.381841 -0.069670 -0.062445 -0.001857  0.995612
1305031125.079364 -0.084401 -0.110329  0.387845 -0.071381 -0.060832  0.000841  0.995592
1305031125.111364 -0.086242 -0.122596  0.393078 -0.071041 -0.061360  0.002137  0.995582
1305031125.151013 -0.082729 -0.127315  0.399368 -0.065639 -0.063217  0.000642  0.995839
1305031125.179353 -0.085250 -0.129958  0.401409 -0.064696 -0.059745  0.000872  0.996115
1305031125.211320 -0.086809 -0.144287  0.407136 -0.069413 -0.058126  0.000906  0.995893
1305031125.250632 -0.088917 -0.155033  0.411895 -0.067261 -0.057710 -0.001728  0.996063
1305031125.279467 -0.089332 -0.157805  0.413875 -0.063214 -0.057673 -0.002539  0.996329
1305031125.311493 -0.088361 -0.169600  0.420489 -0.064347 -0.056507 -0.001891  0.996325
1305031125.348880 -0.090838 -0.174316  0.421664 -0.059621 -0.054909 -0.005366  0.996695
1305031125.379401 -0.086356 -0.176286  0.428104 -0.058757 -0.054759 -0.009072  0.996728
1305031125.411335 -0.086402 -0.180634  0.431249 -0.058552 -0.048267 -0.009968  0.997067
1305031125.451195 -0.088937 -0.187567  0.435818 -0.062072 -0.042588 -0.012451  0.997085
1305031125.479424 -0.088791 -0.197035  0.439539 -0.062341 -0.038855 -0.014271  0.997196
1305031125.511316 -0.089638 -0.195888  0.439653 -0.060629 -0.034882 -0.014975  0.997438
1305031125.551020 -0.089265 -0.197747  0.441310 -0.061241 -0.032060 -0.016747  0.997467
1305031125.579308 -0.088010 -0.199845  0.443224 -0.062848 -0.029118 -0.019184  0.997414
1305031125.611533 -0.090638 -0.208328  0.441864 -0.063882 -0.024789 -0.019934  0.997450
1305031125.650575 -0.096751 -0.210851  0.437355 -0.059492 -0.022646 -0.017251  0.997823
1305031125.679328 -0.100462 -0.200903  0.430428 -0.053287 -0.025756 -0.015907  0.998120
1305031125.711443 -0.095790 -0.202039  0.430167 -0.052591 -0.032766 -0.013419  0.997988
1305031125.751260 -0.093297 -0.186866  0.423604 -0.045108 -0.035523 -0.011228  0.998287
1305031125.779348 -0.091839 -0.180091  0.420224 -0.045357 -0.037070 -0.014056  0.998184
1305031125.811573 -0.090427 -0.169577  0.415170 -0.044257 -0.036560 -0.014701  0.998243
1305031125.847412 -0.091811 -0.164253  0.410613 -0.047159 -0.034587 -0.017113  0.998142
1305031125.879318 -0.095820 -0.154779  0.403191 -0.046563 -0.033869 -0.017926  0.998180
1305031125.911305 -0.100405 -0.142330  0.396414 -0.049383 -0.035609 -0.016709  0.998005
1305031125.947343 -0.102749 -0.138399  0.393510 -0.053950 -0.041877 -0.013981  0.997567
1305031125.979324 -0.101576 -0.125754  0.387021 -0.053445 -0.049298 -0.010365  0.997299
1305031126.011333 -0.095239 -0.112206  0.385192 -0.055011 -0.056893 -0.009700  0.996816
1305031126.047324 -0.089128 -0.099190  0.382845 -0.057886 -0.060026 -0.008537  0.996480
1305031126.079356 -0.088330 -0.087344  0.379577 -0.062347 -0.058597 -0.007921  0.996301
1305031126.111370 -0.086860 -0.079480  0.378548 -0.067355 -0.058354 -0.008607  0.995984
1305031126.147432 -0.086604 -0.064127  0.374005 -0.069190 -0.056980 -0.006752  0.995952
1305031126.179384 -0.087302 -0.052895  0.369191 -0.076507 -0.056772 -0.006303  0.995432
1305031126.211319 -0.084838 -0.045104  0.369704 -0.082533 -0.058132 -0.005584  0.994876
1305031126.247298 -0.083825 -0.031732  0.364315 -0.085372 -0.056902 -0.005924  0.994705
1305031126.279363 -0.082699 -0.020427  0.362631 -0.090036 -0.055637 -0.006681  0.994361
1305031126.311332 -0.080593 -0.006120  0.360238 -0.093892 -0.053396 -0.008161  0.994116
1305031126.347363 -0.081209  0.001467  0.357597 -0.099741 -0.049442 -0.009972  0.993734
1305031126.379423 -0.082875  0.009841  0.352489 -0.104384 -0.045902 -0.011533  0.993410
1305031126.411465 -0.083196  0.020512  0.348793 -0.109089 -0.044395 -0.013198  0.992952
1305031126.447361 -0.082818  0.026511  0.346825 -0.115000 -0.043247 -0.012400  0.992346
1305031126.479533 -0.084204  0.033956  0.341174 -0.117999 -0.042713 -0.009738  0.992047
1305031126.511410 -0.083957  0.046958  0.335919 -0.120353 -0.044346 -0.007857  0.991709
1305031126.547374 -0.079359  0.057446  0.337569 -0.126257 -0.046867 -0.006320  0.990870
1305031126.579454 -0.077567  0.064903  0.334868 -0.131218 -0.045088 -0.004442  0.990318
1305031126.611528 -0.077618  0.071889  0.332485 -0.137168 -0.043108 -0.003187  0.989604
1305031126.647376 -0.074554  0.075411  0.335237 -0.142912 -0.042693 -0.000230  0.988814
1305031126.679479 -0.073814  0.080272  0.331565 -0.145304 -0.040190  0.003973  0.988563
1305031126.711583 -0.071801  0.085913  0.329150 -0.148388 -0.039173  0.006761  0.988130
1305031126.747316 -0.069888  0.086588  0.328700 -0.151161 -0.037899  0.010430  0.987727
1305031126.779379 -0.069786  0.091852  0.323963 -0.150422 -0.036321  0.012967  0.987869
1305031126.811602 -0.066449  0.097021  0.324130 -0.150315 -0.035473  0.013683  0.987907
1305031126.847343 -0.065801  0.100041  0.320610 -0.150616 -0.031417  0.013827  0.987996
1305031126.879357 -0.065027  0.101723  0.317721 -0.151714 -0.029485  0.014495  0.987878
1305031126.911364 -0.063534  0.103507  0.316730 -0.151730 -0.027783  0.013747  0.987936
1305031126.947437 -0.064715  0.103475  0.313324 -0.152990 -0.025722  0.015372  0.987773
1305031126.979337 -0.063613  0.102122  0.312890 -0.154208 -0.027006  0.017313  0.987517
1305031127.011371 -0.062835  0.102464  0.313325 -0.152505 -0.028285  0.017715  0.987739
1305031127.047297 -0.062824  0.103301  0.311838 -0.151198 -0.028318  0.018595  0.987923
1305031127.079299 -0.063667  0.101880  0.311884 -0.152028 -0.028324  0.018998  0.987788
1305031127.111435 -0.065353  0.099180  0.311422 -0.152340 -0.029718  0.020147  0.987676
1305031127.147307 -0.065720  0.097634  0.313250 -0.150986 -0.033169  0.021468  0.987746
1305031127.179349 -0.066213  0.096517  0.312848 -0.148632 -0.035806  0.020639  0.988029
1305031127.211700 -0.064903  0.095928  0.316231 -0.147584 -0.038090  0.020463  0.988104
1305031127.247374 -0.064846  0.092303  0.318458 -0.146123 -0.038309  0.020017  0.988322
1305031127.279465 -0.066000  0.091434  0.317347 -0.143253 -0.037873  0.018809  0.988782
1305031127.311362 -0.066306  0.088150  0.319640 -0.144130 -0.038955  0.018187  0.988624
1305031127.347356 -0.066454  0.082929  0.323758 -0.143172 -0.040784  0.018132  0.988691
1305031127.379262 -0.067209  0.083414  0.323613 -0.139451 -0.041534  0.017534  0.989202
1305031127.411371 -0.068131  0.082141  0.324999 -0.138951 -0.042457  0.016792  0.989246
1305031127.447333 -0.067826  0.077655  0.329650 -0.139083 -0.044267  0.017113  0.989143
1305031127.479362 -0.069716  0.078462  0.327893 -0.136097 -0.044420  0.015918  0.989571
1305031127.511356 -0.070531  0.077948  0.330470 -0.136990 -0.045543  0.014948  0.989412
1305031127.547348 -0.069530  0.073851  0.334168 -0.137685 -0.047195  0.015267  0.989233
1305031127.579345 -0.070823  0.074813  0.334007 -0.135106 -0.047087  0.015055  0.989597
1305031127.611271 -0.071073  0.076035  0.334750 -0.134704 -0.047609  0.014670  0.989633
1305031127.647358 -0.069468  0.073219  0.338460 -0.136452 -0.048767  0.016390  0.989310
1305031127.679298 -0.069748  0.071668  0.338657 -0.135063 -0.049020  0.017351  0.989471
1305031127.711375 -0.071122  0.073513  0.336970 -0.133555 -0.049131  0.016522  0.989685
1305031127.747304 -0.069158  0.071627  0.340661 -0.135337 -0.050727  0.016900  0.989356
1305031127.779346 -0.069851  0.069456  0.341878 -0.134675 -0.050603  0.017348  0.989445
1305031127.811829 -0.070966  0.070227  0.340128 -0.132660 -0.050465  0.016007  0.989747
1305031127.847366 -0.070882  0.069224  0.340345 -0.133070 -0.050599  0.015235  0.989697
1305031127.879380 -0.071993  0.067993  0.340466 -0.133329 -0.050509  0.014873  0.989672
1305031127.911476 -0.073711  0.067959  0.339979 -0.132750 -0.050771  0.014117  0.989748
1305031127.947366 -0.073866  0.069241  0.340292 -0.132985 -0.051704  0.014444  0.989663
1305031127.979371 -0.074259  0.068925  0.342804 -0.134659 -0.052517  0.014418  0.989394
1305031128.011427 -0.072745  0.069648  0.345425 -0.135445 -0.053389  0.014091  0.989245
1305031128.047369 -0.071599  0.067965  0.349374 -0.138433 -0.052985  0.015255  0.988836
1305031128.079334 -0.072377  0.065036  0.351023 -0.139173 -0.052225  0.016531  0.988752
1305031128.111391 -0.071592  0.064210  0.352206 -0.138642 -0.052726  0.017071  0.988791
1305031128.147418 -0.071067  0.064001  0.353599 -0.139274 -0.052992  0.018458  0.988663
1305031128.179350 -0.070011  0.061172  0.356636 -0.139287 -0.053384  0.020010  0.988610
1305031128.211447 -0.070885  0.062153  0.354631 -0.136654 -0.052747  0.019877  0.989014
1305031128.247480 -0.071539  0.062679  0.354072 -0.136669 -0.052748  0.020169  0.989006
1305031128.279336 -0.070672  0.060155  0.356575 -0.137663 -0.053563  0.020609  0.988815
1305031128.311483 -0.071732  0.060906  0.354985 -0.135841 -0.052992  0.019846  0.989113
1305031128.347423 -0.072545  0.061203  0.354794 -0.135674 -0.052816  0.019150  0.989159
1305031128.379404 -0.072497  0.059884  0.356209 -0.136285 -0.053598  0.017747  0.989059
1305031128.411337 -0.072637  0.059005  0.355953 -0.135699 -0.053603  0.016323  0.989164
1305031128.447296 -0.073616  0.059012  0.355232 -0.135181 -0.053313  0.015125  0.989270
1305031128.479296 -0.073484  0.058274  0.356497 -0.135575 -0.053867  0.014221  0.989199
1305031128.511433 -0.073460  0.057602  0.356448 -0.135163 -0.053765  0.013154  0.989276
1305031128.547399 -0.073411  0.057575  0.356660 -0.135080 -0.053358  0.012755  0.989315
1305031128.579455 -0.073576  0.055705  0.357494 -0.135067 -0.052765  0.012620  0.989350
1305031128.611395 -0.075212  0.054763  0.355324 -0.133827 -0.051977  0.012717  0.989559
1305031128.647352 -0.076497  0.055285  0.354024 -0.132955 -0.052624  0.013002  0.989639
1305031128.679282 -0.075230  0.054369  0.355650 -0.132828 -0.054789  0.012781  0.989541
1305031128.711457 -0.074743  0.054247  0.355619 -0.131623 -0.054995  0.012171  0.989698
1305031128.747363 -0.075204  0.054167  0.353838 -0.130676 -0.053637  0.010630  0.989916
