# ground truth trajectory
# file: 'rgbd_dataset_freiburg1_xyz.bag'
# timestamp tx ty tz qx qy qz qw
1305031102.175304 0.000000 0.000000 0.000000 -0.000000 -0.000000 -0.000000  1.000000
1305031102.211214 -0.001271  0.009213  0.012829 -0.001836 -0.003521 -0.001032  0.999992
1305031102.275326 -0.002200  0.008512  0.039896 -0.013940 -0.009725 -0.000128  0.999856
1305031102.311267 -0.001200  0.007644  0.056238 -0.018676 -0.012510  0.000639  0.999747
1305031102.343233 -0.001597  0.009175  0.067272 -0.020421 -0.014315  0.002381  0.999686
1305031102.375329 -0.002185  0.010853  0.080296 -0.022395 -0.016307  0.002863  0.999612
1305031102.411258 -0.006076  0.014331  0.088872 -0.023492 -0.017829  0.001660  0.999564
1305031102.443271 -0.007239  0.021922  0.100242 -0.026934 -0.021196  0.001041  0.999412
1305031102.475318 -0.006681  0.020682  0.115299 -0.034801 -0.023722  0.000411  0.999113
1305031102.511219 -0.004816  0.022289  0.130769 -0.039465 -0.023845 -0.000718  0.998936
1305031102.575286 -0.006404  0.021573  0.160345 -0.045574 -0.020941 -0.004442  0.998732
1305031102.611233 -0.009392  0.020936  0.172556 -0.042805 -0.017334 -0.003402  0.998927
1305031102.675285 -0.014466  0.029541  0.192100 -0.041093 -0.016571 -0.002018  0.999016
1305031102.711263 -0.013972  0.028696  0.205676 -0.042644 -0.017318 -0.000696  0.998940
1305031102.743234 -0.015514  0.035580  0.216918 -0.042200 -0.017082  0.000200  0.998963
1305031102.775472 -0.014446  0.036700  0.232522 -0.044521 -0.015632 -0.001544  0.998885
1305031102.811232 -0.014972  0.041619  0.245805 -0.044673 -0.012730 -0.002714  0.998917
1305031102.843290 -0.014261  0.043355  0.261600 -0.046524 -0.009835 -0.003297  0.998863
1305031102.875363 -0.017213  0.046340  0.272100 -0.045589 -0.006044 -0.005171  0.998929
1305031102.911185 -0.019604  0.048694  0.282690 -0.045155 -0.003813 -0.006974  0.998948
1305031102.975203 -0.030339  0.051573  0.298926 -0.046506 -0.006820 -0.008863  0.998855
1305031103.011215 -0.028172  0.053406  0.310805 -0.048395 -0.014469 -0.005717  0.998707
1305031103.043227 -0.029402  0.057238  0.322322 -0.049826 -0.020320 -0.003135  0.998546
1305031103.075319 -0.026115  0.058462  0.336865 -0.049722 -0.024846 -0.000722  0.998454
1305031103.111240 -0.028246  0.065422  0.343576 -0.047037 -0.023534 -0.000621  0.998616
1305031103.143318 -0.028895  0.067736  0.354663 -0.048876 -0.023534  0.000961  0.998527
1305031103.175452 -0.029328  0.072377  0.360864 -0.049134 -0.021847  0.001368  0.998552
1305031103.243216 -0.030500  0.079087  0.375347 -0.061308 -0.021378  0.005410  0.997875
1305031103.275370 -0.036575  0.077840  0.376253 -0.071920 -0.021309  0.008536  0.997146
1305031103.311210 -0.034838  0.074269  0.384991 -0.079775 -0.032020  0.009986  0.996248
1305031103.343223 -0.030325  0.077221  0.391350 -0.079310 -0.038097  0.009323  0.996078
1305031103.375327 -0.030460  0.076422  0.392131 -0.083073 -0.036152  0.011068  0.995826
1305031103.411260 -0.030621  0.072541  0.390797 -0.085581 -0.035664  0.012599  0.995613
1305031103.443280 -0.032011  0.071128  0.385836 -0.085200 -0.037484  0.012440  0.995581
1305031103.475274 -0.032060  0.068659  0.383038 -0.084558 -0.040326  0.010722  0.995544
1305031103.511333 -0.030688  0.064664  0.377745 -0.082203 -0.042639  0.008860  0.995664
1305031103.543444 -0.029899  0.061087  0.370144 -0.077792 -0.044142  0.007651  0.995962
1305031103.575474 -0.031085  0.057440  0.358070 -0.073565 -0.044586  0.007206  0.996267
1305031103.611223 -0.030139  0.053077  0.348140 -0.071529 -0.048217  0.009694  0.996225
1305031103.643445 -0.029643  0.048969  0.337303 -0.068630 -0.052238  0.010193  0.996221
1305031103.675523 -0.027217  0.045717  0.326928 -0.065694 -0.055402  0.010465  0.996246
1305031103.711610 -0.026291  0.042755  0.315947 -0.062824 -0.056320  0.009758  0.996386
1305031103.743326 -0.024371  0.037842  0.304871 -0.060425 -0.056403  0.009408  0.996533
1305031103.775342 -0.023905  0.035108  0.288733 -0.056918 -0.055474  0.005889  0.996819
1305031103.811242 -0.022806  0.033052  0.274430 -0.056744 -0.054453  0.001992  0.996901
1305031103.843251 -0.025440  0.032232  0.257555 -0.059257 -0.052896 -0.000369  0.996840
1305031103.875361 -0.024404  0.020155  0.247144 -0.068232 -0.056399 -0.003083  0.996069
1305031103.911221 -0.021982  0.015216  0.235704 -0.066849 -0.061230 -0.004044  0.995874
1305031103.943211 -0.020313  0.011960  0.220713 -0.064839 -0.064109 -0.004682  0.995823
1305031103.975373 -0.018330  0.006728  0.207735 -0.063183 -0.066145 -0.005763  0.995791
1305031104.011232 -0.014237  0.003582  0.198198 -0.058277 -0.067434 -0.006706  0.995998
1305031104.043249 -0.010518  0.000880  0.183352 -0.050725 -0.064856 -0.008677  0.996567
1305031104.075425 -0.007341  0.002572  0.168782 -0.045144 -0.060854 -0.011888  0.997054
1305031104.111235 -0.004955 -0.002338  0.158018 -0.042287 -0.055255 -0.013556  0.997484
1305031104.143230 -0.005282 -0.007073  0.140168 -0.037791 -0.048785 -0.014132  0.997994
1305031104.175424 -0.004944 -0.009516  0.124486 -0.033474 -0.045241 -0.014895  0.998304
1305031104.211283 -0.002316 -0.015002  0.111987 -0.030135 -0.043401 -0.014617  0.998496
1305031104.243196 -0.001521 -0.016552  0.099490 -0.025312 -0.041125 -0.014073  0.998734
1305031104.275546  0.000833 -0.017831  0.086992 -0.020622 -0.039018 -0.014656  0.998918
1305031104.311219  0.003499 -0.019638  0.075725 -0.016959 -0.036363 -0.014646  0.999087
1305031104.343342  0.004838 -0.017907  0.066883 -0.012799 -0.032591 -0.014779  0.999278
1305031104.375837  0.005847 -0.018534  0.056467 -0.010958 -0.028001 -0.014022  0.999449
1305031104.411509  0.005140 -0.020745  0.045434 -0.010104 -0.023924 -0.012924  0.999579
1305031104.443288  0.001669 -0.020796  0.032760 -0.009555 -0.021422 -0.012178  0.999651
1305031104.475456  0.000633 -0.022615  0.023638 -0.010253 -0.022868 -0.010981  0.999626
1305031104.511329  0.000006 -0.028255  0.012533 -0.010615 -0.025177 -0.009670  0.999580
1305031104.543368  0.003137 -0.029786  0.004050 -0.007374 -0.028060 -0.008522  0.999543
1305031104.575343  0.010655 -0.032193 -0.002133 -0.003020 -0.029852 -0.007323  0.999523
1305031104.611336  0.019849 -0.042918 -0.007989  0.003920 -0.027689 -0.005420  0.999594
1305031104.643243  0.021298 -0.038872 -0.018415  0.017619 -0.020083 -0.005478  0.999628
1305031104.675525  0.024216 -0.044878 -0.030369  0.027497 -0.012300 -0.004050  0.999538
1305031104.711277  0.023400 -0.047059 -0.043287  0.041055 -0.004093 -0.002073  0.999146
1305031104.743280  0.026982 -0.046254 -0.054350  0.054285  0.002491 -0.000092  0.998522
1305031104.775327  0.026896 -0.045771 -0.064593 0.066344 0.009983 0.001620 0.997746
1305031104.811465  0.029198 -0.042344 -0.072550 0.077527 0.016424 0.004190 0.996846
1305031104.843258  0.027961 -0.037611 -0.078950 0.086601 0.023530 0.006738 0.995942
1305031104.875350  0.023848 -0.030279 -0.083699 0.093300 0.027480 0.009043 0.995218
1305031104.911534  0.026084 -0.026697 -0.084435 0.095867 0.027952 0.011378 0.994937
1305031104.943262  0.025646 -0.024864 -0.085076 0.096780 0.028868 0.012119 0.994813
1305031104.975202  0.024113 -0.017437 -0.081196 0.096914 0.028374 0.012692 0.994807
1305031105.011290  0.026410 -0.014746 -0.074425 0.092203 0.027208 0.013532 0.995276
1305031105.043373  0.025483 -0.011532 -0.064921 0.086769 0.026664 0.012382 0.995795
1305031105.075320  0.026272 -0.013109 -0.054993 0.079051 0.025432 0.010378 0.996492
1305031105.111299  0.022530 -0.016915 -0.042719 0.072054 0.025095 0.008627 0.997048
1305031105.143106  0.019671 -0.007169 -0.030422 0.067694 0.022388 0.006346 0.997435
1305031105.175159  0.016968 -0.004815 -0.016962 0.054480 0.019101 0.002299 0.998329
1305031105.211268  0.013505 -0.014291  0.001251 0.040053 0.015114 0.000271 0.999083
1305031105.243270  0.010378 -0.012968  0.016208  0.031461  0.009437 -0.001288  0.999460
1305031105.275288  0.006542 -0.007836  0.032385  0.021956  0.003029 -0.002699  0.999751
1305031105.311290  0.005848 -0.011247  0.049790  0.010507 -0.005383 -0.003184  0.999925
1305031105.343302  0.007721 -0.014971  0.069319  0.000910 -0.013497 -0.002578  0.999905
1305031105.375338  0.007793 -0.015875  0.086334 -0.003241 -0.019647 -0.001595  0.999800
1305031105.411286  0.006935 -0.007381  0.100266 -0.006938 -0.024749 -0.002260  0.999667
1305031105.443316  0.008975 -0.011352  0.118951 -0.015273 -0.030483 -0.002111  0.999416
1305031105.475280  0.006907 -0.010304  0.133341 -0.018763 -0.033696 -0.002393  0.999253
1305031105.511332  0.008549 -0.006837  0.150505 -0.022951 -0.037744 -0.002043  0.999022
1305031105.543282  0.007771 -0.007820  0.166316 -0.027790 -0.038663 -0.000835  0.998865
1305031105.575449  0.004824 -0.005759  0.180418 -0.030508 -0.039415 -0.000926  0.998757
1305031105.611378  0.005383 -0.006760  0.197440 -0.033635 -0.040976 -0.000663  0.998594
1305031105.643273  0.002493 -0.005567  0.209439 -0.034359 -0.040526  0.001744  0.998586
1305031105.711309  0.005492 -0.004114  0.244327 -0.036179 -0.041011  0.003083  0.998499
1305031105.743312 0.004761 0.002134 0.258521 -0.033363 -0.037065  0.003212  0.998751
1305031105.775339 0.004892 0.004084 0.276306 -0.033804 -0.032465  0.003222  0.998896
1305031105.811283 0.004860 0.004935 0.289612 -0.032847 -0.027524  0.003912  0.999074
1305031105.843271 0.005374 0.007543 0.304140 -0.031325 -0.023964  0.004574  0.999211
1305031105.875337 0.005485 0.012433 0.314518 -0.030386 -0.018453  0.005401  0.999353
1305031105.911262 0.004520 0.015555 0.327439 -0.033332 -0.013751  0.009393  0.999306
1305031105.943272 0.003024 0.020409 0.338210 -0.035725 -0.009682  0.011820  0.999245
1305031105.975329 0.002763 0.023153 0.350371 -0.040881 -0.007392  0.012838  0.999054
1305031106.011285 0.002823 0.027364 0.363168 -0.045410 -0.005201  0.014731  0.998846
1305031106.043355 -0.000314  0.030547  0.374995 -0.050256 -0.001731  0.014768  0.998626
1305031106.075330 -0.001820  0.033360  0.385565 -0.054821 -0.000533  0.016270  0.998363
1305031106.111327 -0.003571  0.039408  0.395607 -0.059707 -0.000267  0.017197  0.998068
1305031106.143355 -0.005598  0.040916  0.408051 -0.067369 -0.001584  0.019014  0.997546
1305031106.175534 -0.007897  0.043080  0.418843 -0.071687 -0.002747  0.019639  0.997230
1305031106.211275 -0.009015  0.044381  0.430751 -0.075318 -0.004489  0.020412  0.996941
1305031106.243267 -0.011300  0.048064  0.437625 -0.074806 -0.005182  0.023664  0.996904
1305031106.276385 -0.013700  0.052895  0.441739 -0.075265 -0.005917  0.023691  0.996865
1305031106.311238 -0.013467  0.055072  0.447201 -0.079354 -0.007440  0.026179  0.996475
1305031106.343258 -0.015667  0.060865  0.449608 -0.084177 -0.007901  0.027374  0.996043
1305031106.375388 -0.014936  0.062146  0.456839 -0.093211 -0.008260  0.019550  0.995420
1305031106.411320 -0.013863  0.058742  0.461731 -0.099716 -0.003749  0.012357  0.994932
1305031106.443278 -0.015744  0.055579  0.458163 -0.101248  0.000361  0.009445  0.994816
1305031106.475345 -0.017180  0.052800  0.452762 -0.101258  0.000041  0.008267  0.994826
1305031106.511129 -0.018873  0.048547  0.447079 -0.100241 -0.002598  0.008709  0.994922
1305031106.543302 -0.018718  0.045520  0.437819 -0.096712 -0.006700  0.006817  0.995266
1305031106.575282 -0.017899  0.042683  0.426751 -0.093591 -0.008807  0.005971  0.995554
1305031106.611151 -0.018545  0.041736  0.414858 -0.092588 -0.011743  0.003557  0.995629
1305031106.643207 -0.016972  0.035294  0.406086 -0.093459 -0.015578  0.001853  0.995500
1305031106.675279 -0.016751  0.031867  0.390020 -0.091395 -0.018701  0.001951  0.995637
1305031106.711508 -0.017480  0.027733  0.377486 -0.093598 -0.024397  0.002566  0.995308
1305031106.743341 -0.017488  0.023012  0.363913 -0.092246 -0.030886  0.001992  0.995255
1305031106.775390 -0.015049  0.020479  0.350344 -0.090739 -0.037843  0.001952  0.995153
1305031106.811289 -0.013903  0.018725  0.334313 -0.090401 -0.041815  0.000741  0.995027
1305031106.843416 -0.012931  0.010009  0.321888 -0.092694 -0.046308  0.000924  0.994617
1305031106.875905 -0.009759  0.007451  0.307889 -0.085849 -0.049793 -0.002510  0.995060
1305031106.911243 -0.008721  0.007219  0.288100 -0.081012 -0.049069 -0.007236  0.995478
1305031106.943439 -0.007471  0.000204  0.274990 -0.080235 -0.048519 -0.011060  0.995533
1305031106.975547 -0.005165 -0.004719  0.261535 -0.074255 -0.047388 -0.013176  0.996026
1305031107.011576 -0.006129 -0.005500  0.237352 -0.066925 -0.043415 -0.017836  0.996653
1305031107.043281 -0.005461 -0.010483  0.223337 -0.067609 -0.040923 -0.019863  0.996674
1305031107.075432 -0.008024 -0.017023  0.205903 -0.063222 -0.038811 -0.020611  0.997031
1305031107.111229 -0.007316 -0.017732  0.188506 -0.057678 -0.039369 -0.021628  0.997324
1305031107.143260 -0.004021 -0.017887  0.175043 -0.055484 -0.039268 -0.021584  0.997454
1305031107.175399 -0.002678 -0.023747  0.163665 -0.053905 -0.037801 -0.022302  0.997581
1305031107.211358 -0.000059 -0.030628  0.150950 -0.048631 -0.036052 -0.023673  0.997885
1305031107.243378  0.000566 -0.029719  0.135354 -0.041141 -0.032311 -0.024429  0.998332
1305031107.275398  0.004103 -0.032164  0.126678 -0.035434 -0.029949 -0.023908  0.998637
1305031107.311226  0.006765 -0.037690  0.114944 -0.029051 -0.026614 -0.024091  0.998933
1305031107.343509  0.010917 -0.038722  0.106311 -0.017172 -0.023979 -0.023706  0.999284
1305031107.375413  0.012729 -0.034845  0.093158 -0.006460 -0.018711 -0.024119  0.999513
1305031107.411271  0.015772 -0.034510  0.085663  0.000450 -0.014378 -0.024374  0.999599
1305031107.443419  0.019309 -0.031474  0.080438  0.006889 -0.010332 -0.024313  0.999627
1305031107.475377  0.023533 -0.032751  0.075835  0.009512 -0.006272 -0.022982  0.999671
1305031107.511352  0.024164 -0.029661  0.071495  0.011567 -0.002277 -0.023062  0.999665
1305031107.543605  0.026792 -0.030232  0.071558  0.008732  0.000400 -0.021183  0.999737
1305031107.575454  0.031055 -0.034757  0.072328  0.007338  0.001851 -0.017554  0.999817
1305031107.611271  0.031446 -0.028217  0.071283  0.009357  0.003806 -0.016801  0.999808
1305031107.643323  0.033073 -0.029226  0.072669  0.005200  0.005086 -0.015680  0.999851
1305031107.675568  0.032324 -0.029172  0.073828  0.003828  0.005862 -0.015041  0.999862
1305031107.711307  0.031837 -0.025955  0.074922  0.002840  0.005853 -0.014367  0.999876
1305031107.743538  0.028272 -0.023429  0.073499 -0.000415  0.005646 -0.013773  0.999889
1305031107.775802  0.029191 -0.023654  0.077110 -0.003494  0.002398 -0.014624  0.999884
1305031107.811596  0.031479 -0.020807  0.080518 -0.005253 -0.000167 -0.014482  0.999881
1305031107.843332  0.032435 -0.020045  0.082186 -0.008043 -0.000606 -0.014760  0.999859
1305031107.875358  0.036478 -0.022086  0.087273 -0.009129 -0.000323 -0.017992  0.999796
1305031107.911541  0.040093 -0.021865  0.089884 -0.008249  0.002463 -0.020317  0.999757
1305031107.943122  0.044401 -0.023244  0.093990 -0.006582  0.005860 -0.021120  0.999738
1305031107.975807  0.051062 -0.023833  0.096626 -0.004089  0.010074 -0.020850  0.999723
1305031108.011320  0.058019 -0.022429  0.100052  0.000338  0.014928 -0.023308  0.999617
1305031108.043418  0.068860 -0.021738  0.104637  0.002897  0.021708 -0.022368  0.999510
1305031108.075352  0.077860 -0.023382  0.106886  0.003239  0.031650 -0.016273  0.999361
1305031108.111378  0.081734 -0.023845  0.109764  0.005875  0.039519 -0.016335  0.999068
1305031108.143334  0.089985 -0.023100  0.114094  0.007961  0.044188 -0.016128  0.998861
1305031108.176058  0.099400 -0.021374  0.114670  0.005877  0.048358 -0.014266  0.998711
1305031108.211475  0.107409 -0.023100  0.120945  0.000276  0.050883 -0.014234  0.998603
1305031108.243347  0.117297 -0.029038  0.133493 -0.002239  0.055248 -0.016618  0.998332
1305031108.275358  0.123642 -0.022894  0.137977 -0.000356  0.061500 -0.016767  0.997966
1305031108.311332  0.125496 -0.018071  0.143665 -0.003479  0.065618 -0.015900  0.997712
1305031108.343278  0.130838 -0.016649  0.149324 -0.009288  0.066365 -0.013885  0.997656
1305031108.375410  0.137980 -0.017502  0.152741 -0.015258  0.065018 -0.009199  0.997725
1305031108.411361  0.146110 -0.019970  0.156788 -0.021645  0.062908 -0.002065  0.997782
1305031108.443610  0.159366 -0.016001  0.162763 -0.024974  0.061511  0.004545  0.997784
1305031108.475471  0.174532 -0.017071  0.168505 -0.028352  0.060243  0.012680  0.997700
1305031108.511378  0.195793 -0.020876  0.172078 -0.028909  0.061241  0.017526  0.997550
1305031108.543737  0.205432 -0.023847  0.173220 -0.025561  0.069770  0.016590  0.997098
1305031108.575414  0.209069 -0.015485  0.172196 -0.019523  0.077999  0.014859  0.996651
1305031108.611407  0.222604 -0.016094  0.178855 -0.020200  0.084056  0.014606  0.996149
1305031108.643303  0.231076 -0.014930  0.181976 -0.019940  0.091285  0.015818  0.995499
1305031108.675375  0.245866 -0.012370  0.185022 -0.022546  0.095975  0.018358  0.994959
1305031108.711411  0.252990 -0.013372  0.189008 -0.026992  0.105051  0.022970  0.993835
1305031108.743502  0.258932 -0.015073  0.192108 -0.028792  0.111215  0.024572  0.993075
1305031108.775493  0.268018 -0.013213  0.191120 -0.029457  0.114843  0.026574  0.992591
1305031108.811244  0.273947 -0.012846  0.194717 -0.030800  0.118669  0.031670  0.991951
1305031108.843264  0.273650 -0.014445  0.194543 -0.030175  0.120132  0.037382  0.991595
1305031108.876515  0.275668 -0.013976  0.193176 -0.027684  0.117262  0.043881  0.991745
1305031108.911364  0.277928 -0.016786  0.193295 -0.025186  0.113522  0.049454  0.991984
1305031108.943243  0.273796 -0.019272  0.189837 -0.020325  0.110626  0.050830  0.992353
1305031108.975268  0.269210 -0.015110  0.186492 -0.015249  0.105026  0.048635  0.993162
1305031109.011269  0.268254 -0.014395  0.178773 -0.015906  0.099709  0.047561  0.993752
1305031109.043277  0.259013 -0.017674  0.177664 -0.015909  0.099793  0.044904  0.993867
1305031109.075410  0.250316 -0.011984  0.172593 -0.015976  0.097002  0.039830  0.994359
1305031109.111282  0.245032 -0.013745  0.173089 -0.020484  0.094694  0.037361  0.994594
1305031109.143334  0.231189 -0.017388  0.171063 -0.022075  0.092817  0.035475  0.994806
1305031109.175464  0.220462 -0.014697  0.170564 -0.021538  0.086067  0.031679  0.995553
1305031109.211379  0.214267 -0.010404  0.167986 -0.025537  0.079907  0.032655  0.995940
1305031109.243290  0.205006 -0.014043  0.168376 -0.035608  0.076229  0.037925  0.995732
1305031109.275308  0.188401 -0.029307  0.167611 -0.042180  0.073183  0.041795  0.995549
1305031109.311329  0.176584 -0.026347  0.165888 -0.039006  0.063029  0.042220  0.996355
1305031109.343248  0.165917 -0.023025  0.164281 -0.041245  0.051975  0.040835  0.996960
1305031109.375397  0.157362 -0.028921  0.165285 -0.046096  0.041822  0.040520  0.997238
1305031109.411329  0.149904 -0.026802  0.164618 -0.045985  0.032081  0.036791  0.997749
1305031109.443302  0.141084 -0.026584  0.165136 -0.049800  0.025009  0.030120  0.997992
1305031109.475363  0.131840 -0.030429  0.166358 -0.053809  0.021047  0.026444  0.997979
1305031109.511273  0.119109 -0.031997  0.168354 -0.053741  0.017987  0.022814  0.998132
1305031109.543294  0.110011 -0.032993  0.165763 -0.051147  0.014581  0.018779  0.998408
1305031109.575362  0.099677 -0.032389  0.163593 -0.050881  0.013070  0.018693  0.998444
1305031109.611310  0.088008 -0.033088  0.160770 -0.051530  0.010716  0.016674  0.998475
1305031109.643229  0.079219 -0.032945  0.161350 -0.052552  0.008095  0.015797  0.998460
1305031109.675263  0.066175 -0.031822  0.158558 -0.055177  0.007443  0.018994  0.998268
1305031109.711312  0.054103 -0.027736  0.159481 -0.056992  0.003396  0.018762  0.998193
1305031109.743274  0.046256 -0.029472  0.161657 -0.062687 -0.001628  0.018392  0.997862
1305031109.775277  0.037526 -0.030178  0.164541 -0.066142 -0.004784  0.019148  0.997615
1305031109.811371  0.022075 -0.028437  0.161627 -0.067947 -0.004883  0.018195  0.997511
1305031109.843296  0.009262 -0.030408  0.161170 -0.072250 -0.007520  0.017313  0.997208
1305031109.875306 -0.004946 -0.031432  0.162328 -0.076933 -0.010988  0.016764  0.996835
1305031109.911265 -0.017831 -0.033103  0.168246 -0.078499 -0.017489  0.012127  0.996687
1305031109.943299 -0.027075 -0.025096  0.169622 -0.078267 -0.022281  0.008591  0.996646
1305031109.975258 -0.039557 -0.029009  0.174593 -0.084420 -0.025152  0.004374  0.996103
1305031110.011256 -0.052282 -0.027304  0.177453 -0.086364 -0.028165 -0.002111  0.995863
1305031110.043299 -0.062916 -0.027875  0.180517 -0.089227 -0.030353 -0.008818  0.995510
1305031110.075319 -0.077134 -0.025746  0.182194 -0.090996 -0.030516 -0.014160  0.995283
1305031110.111325 -0.090959 -0.025628  0.185477 -0.095789 -0.032210 -0.018406  0.994710
1305031110.143432 -0.102354 -0.031534  0.188995 -0.098856 -0.036576 -0.021515  0.994197
1305031110.175641 -0.112087 -0.024462  0.189102 -0.098585 -0.040772 -0.022492  0.994039
1305031110.211637 -0.123650 -0.027298  0.192495 -0.103416 -0.044115 -0.023789  0.993375
1305031110.243323 -0.133997 -0.030633  0.193864 -0.104887 -0.048686 -0.023144  0.993022
1305031110.279321 -0.141029 -0.030749  0.196666 -0.103305 -0.053743 -0.023175  0.992926
1305031110.311404 -0.153994 -0.031053  0.194413 -0.100758 -0.056423 -0.024675  0.993003
1305031110.343355 -0.165523 -0.026863  0.194748 -0.098572 -0.060998 -0.025242  0.992938
1305031110.379281 -0.177100 -0.025780  0.196680 -0.097379 -0.066972 -0.028167  0.992592
1305031110.411469 -0.189675 -0.018397  0.195446 -0.095063 -0.073216 -0.030049  0.992320
1305031110.443260 -0.199927 -0.015830  0.196865 -0.098921 -0.079666 -0.032573  0.991366
1305031110.479331 -0.212930 -0.018603  0.201048 -0.102457 -0.086774 -0.038181  0.990210
1305031110.511429 -0.223863 -0.018316  0.201186 -0.102921 -0.094797 -0.041498  0.989292
1305031110.543408 -0.233664 -0.009383  0.202526 -0.101901 -0.101967 -0.044008  0.988576
1305031110.579426 -0.240229 -0.003753  0.204639 -0.104978 -0.109661 -0.047896  0.987249
1305031110.611307 -0.244039 -0.012199  0.211204 -0.112002 -0.116135 -0.051221  0.985568
1305031110.643418 -0.252232 -0.013745  0.212097 -0.110753 -0.118756 -0.053846  0.985257
1305031110.679606 -0.259074 -0.004096  0.209140 -0.107708 -0.121346 -0.055818  0.985169
1305031110.711412 -0.265775 -0.006728  0.211651 -0.112206 -0.123391 -0.057013  0.984345
1305031110.743249 -0.269552 -0.007841  0.212370 -0.112780 -0.125920 -0.058323  0.983882
1305031110.779193 -0.271278 -0.005039  0.212530 -0.111907 -0.128502 -0.058778  0.983621
1305031110.811386 -0.274569 -0.004904  0.212484 -0.112538 -0.128739 -0.060276  0.983427
1305031110.843218 -0.279435 -0.005804  0.212715 -0.114368 -0.130010 -0.062653  0.982900
1305031110.879313 -0.275998 -0.005611  0.214088 -0.114269 -0.133516 -0.062176  0.982472
1305031110.911333 -0.276042 -0.004391  0.213745 -0.114631 -0.134458 -0.062443  0.982284
1305031110.943862 -0.270174 -0.005096  0.214590 -0.114798 -0.137976 -0.062972  0.981743
1305031110.979345 -0.258859 -0.001888  0.215661 -0.114011 -0.139324 -0.062968  0.981644
1305031111.011431 -0.249074 -0.003846  0.218380 -0.116465 -0.135950 -0.062615  0.981852
1305031111.043327 -0.246011 -0.004554  0.216258 -0.115930 -0.128618 -0.060774  0.983018
1305031111.079283 -0.243639 -0.001742  0.214512 -0.117268 -0.123679 -0.059576  0.983566
1305031111.111508 -0.233071 -0.007919  0.217083 -0.120891 -0.122229 -0.055812  0.983530
1305031111.143257 -0.224944 -0.010953  0.216893 -0.119919 -0.119181 -0.055334  0.984050
1305031111.179326 -0.212825 -0.010941  0.218333 -0.117456 -0.115574 -0.055469  0.984769
1305031111.211433 -0.205409 -0.011485  0.215590 -0.116101 -0.105384 -0.052975  0.986209
1305031111.243236 -0.201844 -0.015148  0.213942 -0.116426 -0.100403 -0.053318  0.986672
1305031111.279308 -0.186228 -0.017346  0.217351 -0.112546 -0.099903 -0.051260  0.987282
1305031111.311547 -0.185807 -0.009951  0.209994 -0.106484 -0.090234 -0.049339  0.988982
1305031111.343397 -0.181534 -0.009942  0.209815 -0.110299 -0.091165 -0.049451  0.988472
1305031111.379134 -0.163215 -0.018681  0.217901 -0.112316 -0.095604 -0.044850  0.988045
1305031111.411296 -0.159287 -0.017349  0.211266 -0.106976 -0.093326 -0.044546  0.988869
1305031111.443386 -0.141649 -0.015086  0.216188 -0.106204 -0.100767 -0.049660  0.987978
1305031111.479259 -0.122826 -0.015946  0.222016 -0.102433 -0.095042 -0.049939  0.988929
1305031111.511264 -0.116205 -0.018267  0.215585 -0.098755 -0.081459 -0.050108  0.990505
1305031111.543250 -0.107271 -0.018586  0.216378 -0.094272 -0.072936 -0.050231  0.991600
1305031111.579237 -0.098107 -0.015126  0.211596 -0.089451 -0.060712 -0.044917  0.993124
1305031111.611271 -0.092469 -0.019323  0.206399 -0.091862 -0.053765 -0.036997  0.993631
1305031111.643395 -0.075606 -0.024802  0.212049 -0.089806 -0.055173 -0.029520  0.993992
1305031111.679320 -0.060617 -0.020482  0.207140 -0.083488 -0.046904 -0.022909  0.995141
1305031111.711760 -0.049183 -0.021521  0.205875 -0.083337 -0.037483 -0.022051  0.995572
1305031111.743386 -0.030495 -0.014101  0.220683 -0.076073 -0.027785 -0.018755  0.996539
1305031111.779423 -0.016002 -0.016132  0.213399 -0.073753 -0.009502 -0.014775  0.997122
1305031111.811406 -0.021070 -0.019550  0.212705 -0.071785  0.011652 -0.017503  0.997198
1305031111.843299 -0.013312 -0.016649  0.210685 -0.066983  0.023401 -0.016030  0.997351
1305031111.879442 -0.007504 -0.016622  0.205415 -0.067484  0.032638 -0.011792  0.997117
1305031111.911354 -0.004313 -0.019596  0.205568 -0.066992  0.035816 -0.005673  0.997094
1305031111.943300  0.006703 -0.017261  0.205584 -0.063786  0.033078  0.002299  0.997413
1305031111.979449  0.027792 -0.015985  0.206392 -0.062247  0.032533  0.009157  0.997488
1305031112.011433  0.031555 -0.014970  0.210170 -0.058624  0.043715  0.004829  0.997311
1305031112.043270  0.039183 -0.014215  0.207274 -0.053944  0.054481  0.001248  0.997056
1305031112.079339  0.052903 -0.016724  0.203586 -0.052402  0.066471  0.000512  0.996411
1305031112.111423  0.042861 -0.013602  0.206895 -0.048866  0.082981 -0.002219  0.995350
1305031112.144342  0.054596 -0.011478  0.208986 -0.046699  0.088394 -0.012187  0.994916
1305031112.179390  0.069078 -0.010029  0.210578 -0.048144  0.101031 -0.015394  0.993599
1305031112.211254  0.074998 -0.015907  0.213990 -0.049864  0.113430 -0.018917  0.992114
1305031112.243369  0.087743 -0.020217  0.213543 -0.045027  0.122623 -0.022610  0.991173
1305031112.279353  0.092780 -0.016404  0.214765 -0.037873  0.131090 -0.026129  0.990302
1305031112.311312  0.100719 -0.019943  0.217721 -0.032572  0.134325 -0.028015  0.990006
1305031112.343323  0.109469 -0.020433  0.218816 -0.025746  0.135600 -0.027633  0.990044
1305031112.379360  0.117344 -0.019980  0.221536 -0.021033  0.135461 -0.024612  0.990254
1305031112.411442  0.126215 -0.020703  0.222555 -0.018756  0.134066 -0.021642  0.990559
1305031112.443391  0.137917 -0.024313  0.222852 -0.017278  0.133353 -0.016316  0.990784
1305031112.479418  0.145306 -0.022892  0.220689 -0.013189  0.133060 -0.007230  0.990994
1305031112.511504  0.153370 -0.022773  0.220983 -0.010739  0.130157  0.000003  0.991435
1305031112.543212  0.163961 -0.023935  0.220257 -0.008166  0.126655  0.003797  0.991906
1305031112.579252  0.174031 -0.022475  0.218668 -0.005369  0.123152  0.009390  0.992329
1305031112.611261  0.183083 -0.021209  0.210964 -0.005410  0.122027  0.013523  0.992420
1305031112.643246  0.192839 -0.021248  0.211210 -0.007909  0.127893  0.020719  0.991540
1305031112.679952  0.194109 -0.022313  0.213893 -0.009866  0.135522  0.024569  0.990421
1305031112.711251  0.197143 -0.020980  0.212630 -0.011476  0.140016  0.025825  0.989746
1305031112.743245  0.197504 -0.014429  0.210870 -0.014292  0.144227  0.029076  0.989014
1305031112.779310  0.197512 -0.017852  0.213909 -0.022649  0.148546  0.033481  0.988079
1305031112.811310  0.190601 -0.021219  0.217588 -0.025156  0.149946  0.033584  0.987803
1305031112.843286  0.188383 -0.016713  0.215562 -0.026664  0.143854  0.031997  0.988722
1305031112.879421  0.188724 -0.017146  0.215804 -0.030676  0.139900  0.034490  0.989089
1305031112.911411  0.182134 -0.017123  0.217874 -0.033393  0.137504  0.037539  0.989226
1305031112.943321  0.176548 -0.019316  0.221787 -0.035922  0.132222  0.037169  0.989871
1305031112.979278  0.172851 -0.018432  0.221161 -0.036438  0.125416  0.034925  0.990820
1305031113.011353  0.167665 -0.016411  0.219572 -0.037646  0.121541  0.034608  0.991268
1305031113.043231  0.159160 -0.017415  0.219357 -0.042542  0.119927  0.032665  0.991333
1305031113.079251  0.150070 -0.022556  0.220493 -0.044119  0.116811  0.028540  0.991763
1305031113.111316  0.140711 -0.020445  0.218244 -0.041380  0.110673  0.022618  0.992737
1305031113.143306  0.134899 -0.017714  0.216566 -0.043364  0.106227  0.020683  0.993181
1305031113.179343  0.122449 -0.024960  0.215597 -0.048309  0.104802  0.022708  0.993059
1305031113.211259  0.108896 -0.026028  0.213210 -0.046653  0.099306  0.023453  0.993686
1305031113.243227  0.103209 -0.024288  0.212425 -0.048673  0.088950  0.023710  0.994564
1305031113.279312  0.094687 -0.029514  0.215405 -0.052258  0.081304  0.026033  0.994978
1305031113.311452  0.077404 -0.034834  0.217773 -0.048789  0.075045  0.029658  0.995544
1305031113.343252  0.063235 -0.027535  0.215369 -0.041794  0.064201  0.028306  0.996660
1305031113.379312  0.053718 -0.027229  0.220974 -0.045544  0.052541  0.026228  0.997235
1305031113.411625  0.040356 -0.031693  0.225283 -0.045731  0.044484  0.026481  0.997611
1305031113.443266  0.028861 -0.029160  0.223979 -0.043559  0.035170  0.020824  0.998214
1305031113.479311  0.014372 -0.026567  0.227265 -0.046540  0.027226  0.015331  0.998428
1305031113.511523  0.003008 -0.028682  0.233435 -0.051368  0.019329  0.014093  0.998393
1305031113.543242 -0.007237 -0.029714  0.236948 -0.053771  0.011082  0.013166  0.998405
1305031113.579301 -0.021154 -0.027676  0.233706 -0.053206  0.005640  0.008478  0.998532
1305031113.611268 -0.031910 -0.028385  0.235844 -0.056609  0.001200  0.004204  0.998387
1305031113.643222 -0.042772 -0.028710  0.238222 -0.059586 -0.000509  0.000823  0.998223
1305031113.679288 -0.058301 -0.029836  0.239257 -0.061075  0.000334 -0.002354  0.998130
1305031113.711931 -0.069515 -0.029687  0.242323 -0.061317 -0.000398 -0.006543  0.998097
1305031113.743590 -0.080614 -0.027273  0.244535 -0.060014  0.000952 -0.011637  0.998129
1305031113.779320 -0.096466 -0.030401  0.243815 -0.060058  0.004136 -0.016092  0.998057
1305031113.811237 -0.108844 -0.028342  0.243024 -0.058329  0.004746 -0.018545  0.998114
1305031113.843295 -0.121779 -0.025930  0.244677 -0.058752  0.006608 -0.021484  0.998020
1305031113.879281 -0.136970 -0.033543  0.246476 -0.059640  0.007179 -0.025419  0.997870
1305031113.911290 -0.146939 -0.027162  0.245808 -0.054504  0.004664 -0.026143  0.998160
1305031113.943291 -0.157799 -0.027394  0.248434 -0.052301  0.005735 -0.027802  0.998228
1305031113.979293 -0.173958 -0.027508  0.248354 -0.049153  0.008387 -0.032773  0.998218
1305031114.011257 -0.191894 -0.025956  0.245410 -0.045540  0.010429 -0.038497  0.998166
1305031114.043301 -0.212797 -0.028545  0.244231 -0.045210  0.009662 -0.040251  0.998119
1305031114.079285 -0.227135 -0.027477  0.246780 -0.042643  0.004063 -0.040220  0.998272
1305031114.111263 -0.238905 -0.020737  0.250740 -0.038334 -0.002370 -0.043286  0.998324
1305031114.143284 -0.249874 -0.019589  0.253483 -0.038305 -0.008439 -0.045733  0.998183
1305031114.179337 -0.257625 -0.021641  0.257927 -0.036317 -0.012612 -0.046930  0.998158
1305031114.211303 -0.270185 -0.010576  0.257446 -0.031454 -0.013144 -0.049541  0.998190
1305031114.243337 -0.288516 -0.012722  0.260254 -0.034727 -0.014381 -0.053481  0.997861
1305031114.279390 -0.306130 -0.012409  0.261772 -0.034610 -0.019185 -0.055377  0.997681
1305031114.311429 -0.315418 -0.007996  0.264956 -0.034681 -0.028568 -0.054768  0.997488
1305031114.343331 -0.318967 -0.008336  0.270194 -0.035991 -0.037156 -0.056456  0.997064
1305031114.379320 -0.326362 -0.010670  0.271132 -0.036669 -0.040415 -0.060305  0.996687
1305031114.411397 -0.342110 -0.009185  0.272253 -0.035240 -0.040670 -0.065244  0.996417
1305031114.443345 -0.355715 -0.006092  0.274605 -0.034657 -0.044246 -0.066415  0.996208
1305031114.479332 -0.369514 -0.008567  0.277299 -0.035873 -0.050458 -0.066974  0.995832
1305031114.511266 -0.370658 -0.002131  0.280876 -0.034330 -0.061333 -0.068304  0.995186
1305031114.543236 -0.371309 -0.004374  0.282722 -0.038137 -0.067511 -0.066796  0.994749
1305031114.579237 -0.375263 -0.005610  0.285156 -0.039628 -0.068815 -0.063079  0.994844
1305031114.611391 -0.380686 -0.003128  0.286039 -0.041337 -0.069526 -0.060447  0.994889
1305031114.644136 -0.390513 -0.004632  0.288627 -0.046713 -0.070580 -0.059899  0.994610
1305031114.679251 -0.394842 -0.007831  0.291310 -0.050422 -0.077131 -0.060821  0.993886
1305031114.711306 -0.393610 -0.010777  0.292161 -0.051765 -0.083200 -0.059535  0.993405
1305031114.743200 -0.394414 -0.012533  0.291529 -0.051207 -0.086889 -0.062861  0.992913
1305031114.779289 -0.391621 -0.011160  0.290293 -0.048486 -0.089620 -0.066082  0.992598
1305031114.811303 -0.390541 -0.008871  0.288735 -0.047838 -0.089614 -0.066646  0.992592
1305031114.843208 -0.388654 -0.009431  0.288112 -0.048050 -0.090690 -0.068921  0.992329
1305031114.879281 -0.383295 -0.005277  0.288268 -0.047246 -0.091656 -0.068402  0.992315
1305031114.912879 -0.380613 -0.003349  0.288244 -0.048006 -0.091676 -0.068398  0.992277
1305031114.943234 -0.371663 -0.000856  0.288089 -0.050074 -0.092786 -0.069640  0.991985
1305031114.979280 -0.366893  0.000848  0.288547 -0.052123 -0.089834 -0.070842  0.992066
1305031115.011300 -0.360215  0.004922  0.289029 -0.055650 -0.088426 -0.072000  0.991917
1305031115.043508 -0.350967  0.000123  0.291041 -0.061198 -0.086162 -0.072540  0.991750
1305031115.079238 -0.343662  0.003827  0.290464 -0.061762 -0.081964 -0.073650  0.991989
1305031115.111230 -0.330741  0.003087  0.294492 -0.065540 -0.077861 -0.072596  0.992155
1305031115.143275 -0.324788  0.001374  0.296297 -0.067599 -0.066294 -0.071152  0.992962
1305031115.179440 -0.321611  0.003649  0.296055 -0.068518 -0.059688 -0.071091  0.993322
1305031115.211374 -0.306027 -0.003515  0.300610 -0.071117 -0.058231 -0.067991  0.993443
1305031115.243297 -0.294601 -0.006018  0.302061 -0.066862 -0.051633 -0.065155  0.994293
1305031115.279966 -0.283785  0.000282  0.300855 -0.063931 -0.047346 -0.061762  0.994915
1305031115.311704 -0.264839 -0.006176  0.308934 -0.065832 -0.043345 -0.055506  0.995342
1305031115.343235 -0.255645 -0.003127  0.307098 -0.060561 -0.031050 -0.053814  0.996229
1305031115.379166 -0.252846  0.001094  0.303948 -0.064451 -0.024403 -0.049995  0.996369
1305031115.411237 -0.240749 -0.004470  0.308104 -0.072514 -0.029782 -0.047645  0.995783
1305031115.443159 -0.217739 -0.004632  0.312023 -0.075724 -0.033427 -0.041861  0.995689
1305031115.479241 -0.206400 -0.004448  0.311346 -0.079732 -0.030675 -0.036813  0.995664
1305031115.511253 -0.184411 -0.011200  0.306217 -0.084309 -0.029626 -0.033780  0.995426
1305031115.543604 -0.164152 -0.012581  0.307482 -0.083705 -0.016585 -0.028349  0.995949
1305031115.579315 -0.156335 -0.012875  0.301049 -0.082229 -0.000918 -0.023689  0.996331
1305031115.611424 -0.142394 -0.014296  0.298922 -0.081122  0.006450 -0.018654  0.996509
1305031115.643254 -0.126200 -0.015146  0.298676 -0.078949  0.013736 -0.011815  0.996714
1305031115.679241 -0.116629 -0.018039  0.292940 -0.077756  0.019231 -0.001244  0.996786
1305031115.711320 -0.103313 -0.014489  0.293921 -0.075175  0.020758  0.005201  0.996941
1305031115.743250 -0.090983 -0.014700  0.295868 -0.074158  0.030171  0.010160  0.996738
1305031115.779425 -0.080580 -0.014060  0.292965 -0.070641  0.042271  0.014932  0.996494
1305031115.811277 -0.077197 -0.014776  0.285594 -0.069776  0.057516  0.021373  0.995674
1305031115.843224 -0.068498 -0.014785  0.284943 -0.070868  0.071039  0.026718  0.994594
1305031115.879198 -0.067276 -0.022257  0.278619 -0.071442  0.083403  0.034348  0.993358
1305031115.911118 -0.058949 -0.015398  0.278732 -0.065851  0.089468  0.038533  0.993063
1305031115.943311 -0.049005 -0.013337  0.276460 -0.065273  0.098700  0.044913  0.991958
1305031115.980740 -0.038852 -0.011805  0.276423 -0.065688  0.106199  0.050003  0.990912
1305031116.011379 -0.026406 -0.006782  0.279366 -0.066273  0.116545  0.054485  0.989473
1305031116.043164 -0.015622 -0.001150  0.281538 -0.066715  0.130558  0.056182  0.987597
1305031116.080030 -0.016912  0.007171  0.283480 -0.067699  0.146927  0.059684  0.985021
1305031116.111300 -0.015294  0.009545  0.285705 -0.072738  0.161689  0.064381  0.982049
1305031116.143441 -0.013470  0.008487  0.289734 -0.076792  0.174722  0.068122  0.979252
1305031116.179572 -0.007395  0.011418  0.291267 -0.077473  0.182099  0.071142  0.977638
1305031116.211299 -0.001000  0.012118  0.292537 -0.080923  0.189754  0.075404  0.975581
1305031116.243320 0.013104 0.009071 0.292549 -0.083951  0.194737  0.079478  0.974019
1305031116.279385 0.022430 0.006885 0.290835 -0.084840  0.203945  0.081560  0.971883
1305031116.311336 0.025173 0.006153 0.289414 -0.087460  0.215290  0.085467  0.968863
1305031116.343292  0.030085 -0.008381  0.291011 -0.093638  0.223037  0.090605  0.966063
1305031116.379384  0.033273 -0.013109  0.289579 -0.089872  0.226857  0.090759  0.965516
1305031116.411333  0.025787 -0.005637  0.288276 -0.082778  0.232826  0.091476  0.964662
1305031116.443369  0.025663 -0.003137  0.285830 -0.083088  0.235172  0.100650  0.963151
1305031116.479850  0.027801 -0.012674  0.285722 -0.086894  0.235889  0.105337  0.962138
1305031116.511205  0.022816 -0.012056  0.283142 -0.084736  0.235534  0.101287  0.962852
1305031116.543262  0.013149 -0.008770  0.282786 -0.081131  0.237168  0.096224  0.963281
1305031116.579313  0.002210 -0.010375  0.283917 -0.082326  0.236874  0.094242  0.963448
1305031116.611261 -0.008859 -0.016655  0.287996 -0.085297  0.232299  0.088959  0.964805
1305031116.643355 -0.017108 -0.018420  0.285529 -0.085742  0.221919  0.080724  0.967928
1305031116.679281 -0.025822 -0.019619  0.284631 -0.087242  0.212312  0.072220  0.970617
1305031116.711634 -0.037965 -0.020268  0.283434 -0.088087  0.206677  0.062367  0.972438
1305031116.743291 -0.048827 -0.019180  0.282336 -0.090627  0.199510  0.051477  0.974337
1305031116.779298 -0.056141 -0.018245  0.281384 -0.093935  0.191222  0.041770  0.976148
1305031116.811318 -0.065188 -0.021296  0.282014 -0.096142  0.184067  0.033577  0.977624
1305031116.846089 -0.082766 -0.020203  0.284922 -0.095171  0.175470  0.025650  0.979538
1305031116.880165 -0.095032 -0.020916  0.286613 -0.097990  0.162913  0.019877  0.981561
1305031116.912044 -0.106662 -0.027489  0.286180 -0.101559  0.149423  0.016705  0.983402
1305031116.943296 -0.115944 -0.027850  0.283811 -0.103945  0.132094  0.009937  0.985722
1305031116.979351 -0.130036 -0.030127  0.286664 -0.105799  0.118136  0.000466  0.987345
1305031117.011382 -0.141813 -0.029970  0.285156 -0.105570  0.103859 -0.008348  0.988938
1305031117.043261 -0.152317 -0.026959  0.282083 -0.106345  0.091099 -0.012325  0.990071
1305031117.079520 -0.165844 -0.022449  0.285030 -0.107978  0.080597 -0.016851  0.990738
1305031117.111238 -0.173036 -0.024712  0.284088 -0.112074  0.066753 -0.014270  0.991352
1305031117.143218 -0.177562 -0.020844  0.284408 -0.114091  0.053490 -0.014344  0.991926
1305031117.179264 -0.183987 -0.017576  0.289420 -0.116920  0.042869 -0.018519  0.992043
1305031117.211361 -0.183152 -0.016269  0.294878 -0.119292  0.032594 -0.021099  0.992100
1305031117.243277 -0.183403 -0.009670  0.298901 -0.121079  0.028532 -0.022410  0.991980
1305031117.279299 -0.183317 -0.010042  0.303988 -0.126281  0.027796 -0.026234  0.991258
1305031117.311200 -0.186737 -0.013074  0.306267 -0.130696  0.029705 -0.027341  0.990600
1305031117.343243 -0.187864 -0.016967  0.308498 -0.133185  0.028974 -0.027803  0.990277
1305031117.379454 -0.189624 -0.021778  0.308195 -0.133117  0.029143 -0.028678  0.990257
1305031117.411221 -0.192955 -0.027593  0.308002 -0.132540  0.028598 -0.027416  0.990386
1305031117.443274 -0.191964 -0.028360  0.307819 -0.128450  0.026396 -0.026518  0.991010
1305031117.479403 -0.193164 -0.034114  0.307683 -0.127001  0.025777 -0.024514  0.991265
1305031117.511325 -0.193474 -0.041527  0.308688 -0.124185  0.024191 -0.022805  0.991702
1305031117.544285 -0.194332 -0.045627  0.307589 -0.118777  0.023526 -0.022428  0.992389
1305031117.579155 -0.195838 -0.050966  0.308720 -0.115842  0.022057 -0.024159  0.992729
1305031117.611159 -0.196680 -0.055590  0.311038 -0.114078  0.020508 -0.023604  0.992980
1305031117.643252 -0.197399 -0.063994  0.314796 -0.112831  0.018491 -0.022251  0.993193
1305031117.679262 -0.198366 -0.067320  0.317842 -0.111515  0.016126 -0.021444  0.993400
1305031117.711184 -0.196561 -0.075794  0.323848 -0.112283  0.012817 -0.019224  0.993408
1305031117.743184 -0.197012 -0.085395  0.328108 -0.112464  0.010934 -0.015842  0.993469
1305031117.779467 -0.196958 -0.090845  0.331749 -0.111297  0.008488 -0.013945  0.993653
1305031117.811320 -0.194913 -0.100324  0.340121 -0.112364  0.005732 -0.011850  0.993580
1305031117.843291 -0.191216 -0.107233  0.346794 -0.109304  0.004654 -0.011389  0.993932
1305031117.879451 -0.190994 -0.112536  0.350996 -0.106849  0.007721 -0.011517  0.994179
1305031117.911407 -0.193000 -0.121953  0.357437 -0.106242  0.010147 -0.011770  0.994219
1305031117.943253 -0.192065 -0.128171  0.361349 -0.104285  0.011757 -0.011920  0.994406
1305031117.979228 -0.196125 -0.135566  0.364620 -0.105621  0.014868 -0.012821  0.994213
1305031118.011228 -0.194926 -0.146499  0.374225 -0.107791  0.014557 -0.012448  0.993989
1305031118.043521 -0.195364 -0.155332  0.379568 -0.106671  0.015982 -0.012547  0.994087
1305031118.079334 -0.193196 -0.161813  0.386243 -0.106012  0.016440 -0.013881  0.994132
1305031118.111217 -0.189858 -0.171869  0.393959 -0.105698  0.019467 -0.015239  0.994091
1305031118.143256 -0.193961 -0.180775  0.397388 -0.104173  0.025395 -0.017305  0.994084
1305031118.179323 -0.193506 -0.191576  0.404109 -0.104128  0.027949 -0.019241  0.993985
1305031118.211202 -0.198695 -0.205683  0.407200 -0.102312  0.032142 -0.019014  0.994051
1305031118.243173 -0.199789 -0.213839  0.410706 -0.099076  0.031409 -0.019052  0.994402
1305031118.279194 -0.197564 -0.228820  0.417032 -0.097403  0.030244 -0.019509  0.994594
1305031118.311299 -0.199593 -0.237972  0.418899 -0.091216  0.030662 -0.020569  0.995146
1305031118.343324 -0.197854 -0.241868  0.422344 -0.085815  0.031028 -0.021961  0.995586
1305031118.379208 -0.202582 -0.251506  0.423750 -0.082565  0.034108 -0.024197  0.995708
1305031118.411296 -0.204360 -0.253371  0.425909 -0.079022  0.032605 -0.024271  0.996044
1305031118.445692 -0.200244 -0.255783  0.430073 -0.078498  0.031263 -0.021147  0.996200
1305031118.479285 -0.201741 -0.260997  0.431059 -0.078737  0.031590 -0.019243  0.996209
1305031118.511255 -0.198067 -0.256604  0.431738 -0.075363  0.030382 -0.017852  0.996533
1305031118.544414 -0.198319 -0.249933  0.431474 -0.075231  0.031305 -0.018745  0.996498
1305031118.579285 -0.194401 -0.246834  0.433698 -0.077069  0.031184 -0.018267  0.996371
1305031118.616142 -0.193142 -0.240790  0.431944 -0.076819  0.032966 -0.020311  0.996293
1305031118.645325 -0.197147 -0.231983  0.427728 -0.076844  0.036471 -0.023788  0.996092
1305031118.679295 -0.198649 -0.226175  0.425084 -0.080380  0.038220 -0.025092  0.995715
1305031118.711421 -0.201749 -0.225346  0.422049 -0.083008  0.038666 -0.028747  0.995383
1305031118.746770 -0.207759 -0.213077  0.416343 -0.079520  0.038092 -0.028816  0.995688
1305031118.779277 -0.206070 -0.195488  0.407404 -0.079658  0.033853 -0.028447  0.995841
1305031118.811221 -0.200395 -0.196166  0.409261 -0.086865  0.029661 -0.029178  0.995351
1305031118.846753 -0.195795 -0.187403  0.403850 -0.082987  0.028174 -0.028104  0.995756
1305031118.879208 -0.198079 -0.163303  0.392990 -0.078029  0.031440 -0.030104  0.996000
1305031118.911177 -0.199967 -0.160260  0.387269 -0.082885  0.033020 -0.032678  0.995476
1305031118.946974 -0.200730 -0.148163  0.377844 -0.081536  0.034443 -0.034273  0.995485
1305031118.979374 -0.204420 -0.131841  0.368797 -0.081157  0.036317 -0.038451  0.995297
1305031119.011363 -0.206772 -0.122803  0.361151 -0.085582  0.036461 -0.040723  0.994831
1305031119.047172 -0.208650 -0.116597  0.354393 -0.088881  0.036117 -0.041328  0.994529
1305031119.079223 -0.212726 -0.106293  0.346389 -0.089122  0.034924 -0.041609  0.994538
1305031119.111328 -0.213671 -0.097026  0.339419 -0.089569  0.031304 -0.041005  0.994644
1305031119.147616 -0.216320 -0.085048  0.330775 -0.089203  0.028600 -0.039234  0.994829
1305031119.179226 -0.214566 -0.080879  0.326425 -0.091126  0.023409 -0.038870  0.994805
1305031119.211364 -0.213032 -0.068262  0.319885 -0.087346  0.020867 -0.037697  0.995246
1305031119.247399 -0.214175 -0.057931  0.313595 -0.086592  0.019920 -0.036399  0.995379
1305031119.279212 -0.212669 -0.048316  0.309114 -0.086440  0.018196 -0.036114  0.995436
1305031119.311212 -0.214043 -0.040224  0.302805 -0.086719  0.018340 -0.033837  0.995489
1305031119.347741 -0.216075 -0.034180  0.297030 -0.086674  0.017164 -0.031295  0.995597
1305031119.379239 -0.214725 -0.021212  0.291350 -0.085066  0.014297 -0.030140  0.995817
1305031119.411484 -0.211127 -0.013260  0.288902 -0.086504  0.013211 -0.029059  0.995740
1305031119.447706 -0.210439 -0.005487  0.285205 -0.087711  0.015439 -0.028704  0.995613
1305031119.479267 -0.213278  0.004806  0.279664 -0.086100  0.018406 -0.029986  0.995665
1305031119.511240 -0.216305  0.014103  0.274232 -0.087830  0.020363 -0.029631  0.995486
1305031119.547382 -0.216221  0.025513  0.270736 -0.088649  0.020313 -0.028201  0.995456
1305031119.579559 -0.216362  0.039449  0.266071 -0.089677  0.021608 -0.028301  0.995334
1305031119.615017 -0.216697  0.043104  0.264112 -0.095856  0.023433 -0.027359  0.994743
1305031119.647903 -0.217539  0.055795  0.259860 -0.097841  0.024049 -0.026566  0.994557
1305031119.679208 -0.213772  0.069226  0.258500 -0.101429  0.024794 -0.027893  0.994143
1305031119.715232 -0.213088  0.073018  0.257744 -0.109896  0.029015 -0.024647  0.993214
1305031119.747193 -0.216090  0.077335  0.255283 -0.115325  0.031259 -0.019775  0.992639
1305031119.779169 -0.215231  0.086651  0.254610 -0.118469  0.029045 -0.016671  0.992393
1305031119.814537 -0.211197  0.095467  0.254185 -0.120655  0.026663 -0.012013  0.992264
1305031119.847429 -0.208878  0.104855  0.252536 -0.123209  0.026895 -0.007193  0.991990
1305031119.879214 -0.209202  0.106274  0.250119 -0.126477  0.028620 -0.006110  0.991538
1305031119.911401 -0.211836  0.119664  0.245419 -0.124269  0.031632 -0.006249  0.991725
1305031119.947392 -0.211021  0.125188  0.242956 -0.129591  0.032850 -0.005529  0.991008
1305031119.979537 -0.209365  0.129149  0.241984 -0.132827  0.035170 -0.006755  0.990492
1305031120.015264 -0.213180  0.137705  0.237722 -0.136516  0.040015 -0.005604  0.989813
1305031120.047290 -0.212018  0.132282  0.239072 -0.147979  0.039711 -0.002187  0.988191
1305031120.079418 -0.214224  0.131392  0.237521 -0.150364  0.038419  0.000465  0.987884
1305031120.115232 -0.213483  0.136656  0.237291 -0.150175  0.035658  0.002705  0.988012
1305031120.148157 -0.209953  0.132686  0.241625 -0.153608  0.033404  0.004003  0.987559
1305031120.179246 -0.208384  0.130422  0.244060 -0.152181  0.033496  0.007101  0.987759
1305031120.215249 -0.209158  0.126793  0.244414 -0.147397  0.033852  0.007611  0.988469
1305031120.248003 -0.209272  0.123199  0.243982 -0.143018  0.033932  0.004074  0.989130
1305031120.279430 -0.207505  0.117593  0.248079 -0.139858  0.033716  0.002113  0.989595
1305031120.315196 -0.207680  0.112357  0.250584 -0.136305  0.034189 -0.000603  0.990077
1305031120.347787 -0.207313  0.105090  0.253346 -0.132577  0.034495 -0.002638  0.990569
1305031120.379437 -0.206627  0.096030  0.257959 -0.131276  0.034106 -0.002644  0.990755
1305031120.415445 -0.207550  0.084092  0.263542 -0.125405  0.034347 -0.003064  0.991506
1305031120.447417 -0.208993  0.079872  0.265869 -0.116587  0.034503 -0.003854  0.992573
1305031120.479432 -0.206339  0.068199  0.272848 -0.114675  0.032938 -0.002712  0.992853
1305031120.514819 -0.207477  0.059019  0.277837 -0.107458  0.031802 -0.001168  0.993700
1305031120.547736 -0.206701  0.052747  0.281697 -0.099761  0.028644  0.000598  0.994599
1305031120.579551 -0.207150  0.045863  0.284601 -0.095788  0.025295  0.003784  0.995073
1305031120.615236 -0.205059  0.036973  0.292500 -0.092444  0.020674  0.006672  0.995481
1305031120.647354 -0.202619  0.030979  0.298899 -0.086414  0.017138  0.006974  0.996087
1305031120.679318 -0.199367  0.025931  0.305099 -0.082803  0.014674  0.007900  0.996427
1305031120.714522 -0.198819  0.018663  0.310045 -0.080153  0.014191  0.008560  0.996645
1305031120.747369 -0.199221  0.007884  0.313535 -0.079881  0.012395  0.009261  0.996684
1305031120.779894 -0.196080 -0.000376  0.320919 -0.077345  0.009310  0.009281  0.996918
1305031120.814944 -0.196443 -0.005042  0.322426 -0.073306  0.009364  0.008337  0.997231
1305031120.847921 -0.195247 -0.012869  0.329784 -0.073923  0.007783  0.006762  0.997211
1305031120.883435 -0.192638 -0.021270  0.335754 -0.071304  0.007233  0.005025  0.997416
1305031120.915444 -0.194176 -0.026929  0.336328 -0.068881  0.009399  0.002510  0.997577
1305031120.947488 -0.195058 -0.036688  0.340322 -0.069544  0.009964  0.000836  0.997529
1305031120.983366 -0.197266 -0.046023  0.343142 -0.069098  0.010760 -0.001647  0.997550
1305031121.015019 -0.196192 -0.055393  0.347429 -0.067597  0.009577 -0.002997  0.997662
1305031121.047498 -0.198323 -0.058890  0.349144 -0.065185  0.010558 -0.004661  0.997806
1305031121.083099 -0.197351 -0.073512  0.353551 -0.066210  0.008720 -0.004999  0.997755
1305031121.114696 -0.196687 -0.079910  0.354998 -0.062712  0.007081 -0.005092  0.997994
1305031121.147331 -0.197160 -0.088074  0.357438 -0.060865  0.006607 -0.005439  0.998109
1305031121.183271 -0.197712 -0.095547  0.361593 -0.058492  0.005257 -0.005897  0.998257
1305031121.211420 -0.192988 -0.104136  0.366825 -0.055863  0.003890 -0.006081  0.998412
1305031121.247194 -0.197031 -0.110011  0.367949 -0.053096  0.006579 -0.007415  0.998540
1305031121.282876 -0.198094 -0.119914  0.372759 -0.053405  0.005503 -0.006131  0.998539
1305031121.313568 -0.195426 -0.131320  0.378073 -0.051250  0.004555 -0.005254  0.998662
1305031121.347517 -0.198851 -0.138223  0.379867 -0.048967  0.004488 -0.004293  0.998781
1305031121.383226 -0.193514 -0.149171  0.385703 -0.047614  0.001450 -0.003396  0.998859
1305031121.414318 -0.194246 -0.155905  0.388872 -0.042416  0.002517 -0.005141  0.999084
1305031121.447319 -0.193094 -0.161816  0.392990 -0.040693  0.002343 -0.004197  0.999160
1305031121.482964 -0.189055 -0.175538  0.399538 -0.040457  0.003286 -0.002527  0.999173
1305031121.514107 -0.194765 -0.179398  0.398898 -0.035795  0.006840 -0.002321  0.999333
1305031121.547270 -0.194435 -0.185201  0.401909 -0.036756  0.006792 -0.001853  0.999299
1305031121.583204 -0.192506 -0.198928  0.407749 -0.039787  0.007532 -0.002474  0.999177
1305031121.614700 -0.193009 -0.205982  0.410829 -0.038220  0.009497 -0.003966  0.999216
1305031121.647183 -0.190510 -0.210700  0.413708 -0.037198  0.012854 -0.006765  0.999202
1305031121.683200 -0.194381 -0.219528  0.416567 -0.040145  0.017679 -0.008135  0.999004
1305031121.714520 -0.197529 -0.226645  0.418883 -0.040474  0.019204 -0.007405  0.998969
1305031121.747145 -0.196555 -0.230853  0.422119 -0.041968  0.018976 -0.007272  0.998912
1305031121.782835 -0.197053 -0.237567  0.426149 -0.043598  0.019732 -0.005285  0.998840
1305031121.811540 -0.194387 -0.239759  0.429789 -0.044143  0.020358 -0.002952  0.998813
1305031121.847335 -0.197438 -0.242714  0.430166 -0.045632  0.023260 -0.000539  0.998687
1305031121.882060 -0.200671 -0.247037  0.431485 -0.048330  0.024744  0.005248  0.998511
1305031121.914931 -0.200278 -0.247822  0.431593 -0.050099  0.022800  0.008056  0.998451
1305031121.947288 -0.196260 -0.247292  0.433944 -0.049957  0.019420  0.008083  0.998530
1305031121.982926 -0.193047 -0.239223  0.435142 -0.048369  0.018636  0.008244  0.998622
1305031122.014256 -0.195801 -0.238942  0.432796 -0.049958  0.019474  0.005870  0.998544
1305031122.047306 -0.194538 -0.233322  0.429271 -0.048651  0.017593  0.002307  0.998658
1305031122.082959 -0.194754 -0.227842  0.425155 -0.048279  0.017159 -0.001600  0.998685
1305031122.114672 -0.195595 -0.216948  0.420086 -0.046357  0.017073 -0.005016  0.998766
1305031122.150725 -0.195125 -0.211032  0.417018 -0.048153  0.016473 -0.010236  0.998652
1305031122.183042 -0.194748 -0.198875  0.411723 -0.045691  0.017193 -0.015354  0.998690
1305031122.214959 -0.193552 -0.172274  0.406070 -0.044053  0.017820 -0.019414  0.998682
1305031122.251319 -0.192711 -0.171629  0.405209 -0.052741  0.017866 -0.021912  0.998208
1305031122.283560 -0.197781 -0.158017  0.397180 -0.052385  0.018267 -0.024696  0.998154
1305031122.314289 -0.199502 -0.140266  0.390264 -0.057146  0.016014 -0.028413  0.997833
1305031122.351327 -0.199056 -0.133731  0.386292 -0.064748  0.013215 -0.031028  0.997332
1305031122.382630 -0.203927 -0.119955  0.379108 -0.068538  0.012542 -0.031682  0.997066
1305031122.414997 -0.206053 -0.115567  0.374316 -0.074151  0.008653 -0.031659  0.996707
1305031122.451257 -0.206394 -0.104885  0.366549 -0.075977  0.003910 -0.030105  0.996647
1305031122.483360 -0.206841 -0.097176  0.361146 -0.080013 -0.001131 -0.029232  0.996364
1305031122.515097 -0.205355 -0.086782  0.355719 -0.081289 -0.005803 -0.030102  0.996219
1305031122.551490 -0.202490 -0.076726  0.350778 -0.083024 -0.007730 -0.031693  0.996013
1305031122.583208 -0.202763 -0.068672  0.345066 -0.085210 -0.006587 -0.032963  0.995796
1305031122.614980 -0.206236 -0.063900  0.337961 -0.087374 -0.005843 -0.032475  0.995629
1305031122.648788 -0.206478 -0.053804  0.332042 -0.085979 -0.007938 -0.031471  0.995768
1305031122.683402 -0.208224 -0.044377  0.325307 -0.085660 -0.008687 -0.030387  0.995823
1305031122.715208 -0.210159 -0.035188  0.320466 -0.085790 -0.010840 -0.027269  0.995881
1305031122.751298 -0.207370 -0.021503  0.316210 -0.084676 -0.014656 -0.026335  0.995953
1305031122.783423 -0.207458 -0.009995  0.311139 -0.087830 -0.014831 -0.026927  0.995661
1305031122.812555 -0.205726 -0.003611  0.311170 -0.094234 -0.014922 -0.027031  0.995071
1305031122.851418 -0.202389  0.004118  0.309734 -0.096927 -0.012150 -0.029027  0.994794
1305031122.883754 -0.204070  0.012080  0.305427 -0.100587 -0.005368 -0.029101  0.994488
1305031122.914571 -0.207209  0.013896  0.302416 -0.106365 -0.001962 -0.027719  0.993939
1305031122.951341 -0.207078  0.020712  0.299458 -0.107646 -0.001516 -0.026643  0.993831
1305031122.982815 -0.209150  0.030500  0.295768 -0.108602 -0.000877 -0.023113  0.993816
1305031123.015450 -0.207161  0.034743  0.293904 -0.112154 -0.002959 -0.019294  0.993499
1305031123.051827 -0.206107  0.041319  0.291326 -0.111768 -0.002970 -0.017519  0.993575
1305031123.082975 -0.206799  0.053172  0.286935 -0.109974 -0.001856 -0.015172  0.993817
1305031123.113873 -0.206380  0.062046  0.283160 -0.113043 -0.000898 -0.012634  0.993509
1305031123.150822 -0.206432  0.068638  0.281770 -0.116752 -0.000368 -0.011790  0.993091
1305031123.182155 -0.204035  0.080409  0.280169 -0.118320  0.000458 -0.011057  0.992914
1305031123.214704 -0.204130  0.087812  0.278026 -0.123727  0.005289 -0.011160  0.992240
1305031123.250618 -0.204849  0.099398  0.274632 -0.128945  0.009406 -0.012723  0.991525
1305031123.282347 -0.202793  0.104794  0.275997 -0.139315  0.011693 -0.009304  0.990135
1305031123.311327 -0.200327  0.109136  0.276407 -0.147103  0.014758 -0.007886  0.988980
1305031123.350481 -0.199312  0.114321  0.275311 -0.153568  0.018707 -0.007664  0.987931
1305031123.382255 -0.197544  0.120750  0.275325 -0.159185  0.022857 -0.004154  0.986975
1305031123.411363 -0.195304  0.123209  0.273960 -0.164715  0.026823 -0.001945  0.985975
1305031123.451255 -0.197212  0.131611  0.269495 -0.166397  0.030515 -0.001305  0.985586
1305031123.483594 -0.196157  0.140011  0.267483 -0.170102  0.032308  0.003109  0.984892
1305031123.511360 -0.194864  0.142078  0.266048 -0.175527  0.033758  0.006229  0.983876
1305031123.551513 -0.194505  0.148935  0.261877 -0.177000  0.033898  0.007874  0.983595
1305031123.579583 -0.191063  0.155007  0.262749 -0.179877  0.032909  0.011380  0.983073
1305031123.611335 -0.191811  0.164020  0.257358 -0.179707  0.035387  0.012284  0.983007
1305031123.652411 -0.189205  0.172694  0.256851 -0.182864  0.036553  0.012107  0.982384
1305031123.683753 -0.189194  0.178827  0.255678 -0.186689  0.040708  0.012075  0.981501
1305031123.711323 -0.188475  0.184813  0.253840 -0.190836  0.044435  0.012685  0.980534
1305031123.751723 -0.186400  0.181038  0.253849 -0.198225  0.045598  0.015380  0.978974
1305031123.783858 -0.185235  0.181161  0.252811 -0.201110  0.044780  0.017268  0.978392
1305031123.811608 -0.184260  0.183153  0.252743 -0.201896  0.044086  0.018402  0.978241
1305031123.851444 -0.183991  0.182478  0.252889 -0.203529  0.043936  0.020602  0.977866
1305031123.883786 -0.182642  0.175684  0.254872 -0.206535  0.041763  0.022687  0.977284
1305031123.911243 -0.180899  0.175680  0.254638 -0.202163  0.039409  0.021229  0.978328
1305031123.951442 -0.185764  0.177002  0.251248 -0.200185  0.041885  0.022176  0.978611
1305031123.983415 -0.181367  0.165147  0.259614 -0.206783  0.036908  0.026149  0.977341
1305031124.011302 -0.182726  0.160681  0.262963 -0.200972  0.033519  0.025975  0.978679
1305031124.051505 -0.183965  0.158684  0.262519 -0.194743  0.031321  0.024919  0.980037
1305031124.083837 -0.182421  0.152834  0.269506 -0.194300  0.027483  0.027202  0.980180
1305031124.111331 -0.178255  0.143406  0.274263 -0.188853  0.022593  0.026562  0.981386
1305031124.147446 -0.178009  0.143834  0.273185 -0.180072  0.021257  0.023906  0.983133
1305031124.182694 -0.176095  0.134562  0.279594 -0.180208  0.018954  0.022684  0.983184
1305031124.211396 -0.173946  0.126170  0.286281 -0.173824  0.016620  0.020892  0.984415
1305031124.249327 -0.177914  0.117819  0.284093 -0.168433  0.017510  0.020063  0.985353
1305031124.282545 -0.178330  0.110622  0.288451 -0.167652  0.013368  0.019936  0.985554
1305031124.311361 -0.176924  0.103390  0.295829 -0.162679  0.008755  0.020476  0.986428
1305031124.350354 -0.175740  0.095603  0.297986 -0.157288  0.004950  0.019677  0.987344
1305031124.382420 -0.175147  0.088135  0.302668 -0.152701  0.002471  0.018130  0.988103
1305031124.411439 -0.174564  0.076643  0.306536 -0.148046  0.000889  0.017265  0.988829
1305031124.450245 -0.176842  0.068343  0.308482 -0.140143  0.000842  0.014950  0.990018
1305031124.480099 -0.177507  0.056123  0.310320 -0.134519 -0.000030  0.012040  0.990838
1305031124.511324 -0.179147  0.048962  0.312374 -0.126615 -0.001121  0.010155  0.991899
1305031124.550437 -0.180428  0.039041  0.315304 -0.122251 -0.002436  0.007570  0.992467
1305031124.579404 -0.181765  0.028013  0.318904 -0.118438 -0.004476  0.004698  0.992940
1305031124.611358 -0.181234  0.018931  0.323595 -0.112682 -0.007204  0.002717  0.993601
1305031124.651271 -0.182115  0.009720  0.328448 -0.108282 -0.009202  0.000751  0.994077
1305031124.679362 -0.180100 -0.000186  0.334915 -0.103844 -0.011891 -0.001122  0.994522
1305031124.711251 -0.179716 -0.009586  0.339213 -0.098941 -0.012083 -0.003296  0.995015
1305031124.749890 -0.180889 -0.021834  0.343501 -0.097087 -0.011672 -0.005278  0.995194
1305031124.779365 -0.180569 -0.031007  0.350313 -0.092836 -0.013145 -0.006013  0.995577
1305031124.811360 -0.180835 -0.041241  0.354403 -0.090443 -0.013848 -0.006935  0.995781
1305031124.850535 -0.181702 -0.052071  0.361902 -0.089827 -0.014798 -0.008178  0.995814
1305031124.879355 -0.176051 -0.061602  0.372783 -0.087089 -0.016969 -0.008191  0.996022
1305031124.911448 -0.176983 -0.067167  0.378945 -0.084188 -0.014007 -0.008701  0.996313
1305031124.950730 -0.177178 -0.075345  0.386184 -0.086157 -0.012457 -0.008854  0.996164
1305031124.979438 -0.176831 -0.092346  0.395082 -0.086211 -0.011529 -0.007124  0.996185
1305031125.011454 -0.180508 -0.102058  0.398277 -0.081326 -0.012620 -0.006417  0.996587
1305031125.050763 -0.176511 -0.102185  0.404468 -0.076290 -0.016110 -0.005607  0.996940
1305031125.079364 -0.177449 -0.113545  0.411014 -0.077521 -0.014425 -0.002898  0.996882
1305031125.111364 -0.179149 -0.126618  0.416252 -0.077422 -0.014853 -0.001571  0.996887
1305031125.151013 -0.175819 -0.131195  0.422227 -0.072118 -0.016477 -0.003351  0.997254
1305031125.179353 -0.176856 -0.133134  0.424736 -0.070839 -0.013520 -0.003015  0.997392
1305031125.211320 -0.178379 -0.146639  0.431175 -0.075284 -0.011752 -0.002731  0.997089
1305031125.250632 -0.179272 -0.156972  0.436442 -0.073101 -0.011768 -0.005449  0.997240
1305031125.279467 -0.179456 -0.160962  0.437572 -0.069479 -0.011792 -0.006639  0.997492
1305031125.311493 -0.178229 -0.172745  0.443431 -0.070490 -0.010477 -0.006057  0.997439
1305031125.348880 -0.180904 -0.177505  0.445868 -0.066123 -0.009003 -0.009513  0.997725
1305031125.379401 -0.175924 -0.179886  0.450848 -0.065482 -0.008793 -0.013598  0.997722
1305031125.411335 -0.175138 -0.184230  0.454209 -0.065242 -0.002585 -0.014622  0.997759
1305031125.451195 -0.178772 -0.190557  0.457396 -0.068447  0.003759 -0.017178  0.997500
1305031125.479424 -0.178331 -0.199212  0.462171 -0.068409  0.007292 -0.018976  0.997450
1305031125.511316 -0.179553 -0.199084  0.461904 -0.067148  0.011441 -0.019886  0.997479
1305031125.551020 -0.178945 -0.202175  0.462896 -0.068218  0.014274 -0.021621  0.997334
1305031125.579308 -0.177875 -0.204972  0.465000 -0.070097  0.017342 -0.024249  0.997095
1305031125.611533 -0.180529 -0.212002  0.463549 -0.070453  0.021623 -0.025308  0.996960
1305031125.650575 -0.187553 -0.216363  0.459422 -0.066700  0.023931 -0.022936  0.997222
1305031125.679328 -0.193485 -0.206353  0.451868 -0.060290  0.021405 -0.022438  0.997699
1305031125.711443 -0.187760 -0.208422  0.451306 -0.060058  0.014096 -0.019431  0.997906
1305031125.751260 -0.184609 -0.194052  0.442670 -0.052573  0.010949 -0.017772  0.998399
1305031125.779348 -0.183800 -0.186902  0.438994 -0.052764  0.009588 -0.020575  0.998349
1305031125.811573 -0.180726 -0.176507  0.433339 -0.051745  0.009312 -0.021055  0.998395
1305031125.847412 -0.181867 -0.171317  0.428440 -0.054691  0.011136 -0.023300  0.998169
1305031125.879318 -0.187094 -0.162289  0.420485 -0.054254  0.012058 -0.024351  0.998157
1305031125.911305 -0.192487 -0.152341  0.413230 -0.058024  0.010457 -0.022943  0.997997
1305031125.947343 -0.196932 -0.152018  0.408850 -0.063820  0.005149 -0.020488  0.997738
1305031125.979324 -0.196759 -0.140569  0.401862 -0.063501 -0.002035 -0.017087  0.997833
1305031126.011333 -0.191023 -0.127194  0.399907 -0.065065 -0.009379 -0.016515  0.997700
1305031126.047324 -0.184969 -0.113798  0.397120 -0.067728 -0.012482 -0.015085  0.997512
1305031126.079356 -0.184352 -0.100830  0.394501 -0.071800 -0.010987 -0.013875  0.997262
1305031126.111370 -0.182794 -0.093492  0.391800 -0.076937 -0.010714 -0.014506  0.996873
1305031126.147432 -0.183950 -0.078500  0.385868 -0.078844 -0.008775 -0.012903  0.996765
1305031126.179384 -0.185029 -0.067376  0.381247 -0.086188 -0.008489 -0.012052  0.996170
1305031126.211319 -0.182586 -0.060104  0.381151 -0.092399 -0.009688 -0.010923  0.995615
1305031126.247298 -0.181817 -0.048302  0.374796 -0.095872 -0.008319 -0.010602  0.995302
1305031126.279363 -0.181144 -0.036613  0.372763 -0.100363 -0.006875 -0.011189  0.994864
1305031126.311332 -0.178797 -0.022855  0.369363 -0.104442 -0.004676 -0.012211  0.994445
1305031126.347363 -0.178681 -0.014835  0.365991 -0.110154 -0.001031 -0.013763  0.993819
1305031126.379423 -0.179955 -0.007284  0.361899 -0.115247  0.002200 -0.014767  0.993225
1305031126.411465 -0.180421  0.002438  0.357387 -0.120456  0.003732 -0.016067  0.992582
1305031126.447361 -0.181243  0.008889  0.355853 -0.126153  0.005285 -0.015160  0.991881
1305031126.479533 -0.182900  0.015148  0.348919 -0.129554  0.005860 -0.012026  0.991482
1305031126.511410 -0.182907  0.027515  0.343872 -0.131989  0.004112 -0.010381  0.991188
1305031126.547374 -0.178492  0.036567  0.343808 -0.138336  0.001940 -0.008708  0.990345
1305031126.579454 -0.175895  0.043858  0.341397 -0.143403  0.003300 -0.006483  0.989638
1305031126.611528 -0.176051  0.050391  0.338961 -0.149506  0.005370 -0.004805  0.988735
1305031126.647376 -0.173419  0.053111  0.339517 -0.155329  0.006258 -0.002303  0.987840
1305031126.679479 -0.171957  0.056863  0.337040 -0.158089  0.008233  0.001845  0.987389
1305031126.711583 -0.170301  0.062908  0.333746 -0.160753  0.009513  0.004848  0.986937
1305031126.747316 -0.168327  0.064085  0.332097 -0.163001  0.010821  0.008635  0.986529
1305031126.779379 -0.168256  0.068397  0.327752 -0.162747  0.012239  0.011464  0.986525
1305031126.811602 -0.164831  0.072415  0.327098 -0.163108  0.013103  0.012274  0.986445
1305031126.847343 -0.165803  0.075811  0.322653 -0.163070  0.017877  0.012205  0.986377
1305031126.879357 -0.164488  0.075339  0.319490 -0.165205  0.019460  0.013115  0.985980
1305031126.911364 -0.163086  0.076884  0.318486 -0.165281  0.021207  0.012035  0.985945
1305031126.947437 -0.165050  0.075886  0.315262 -0.166832  0.023485  0.013788  0.985609
1305031126.979337 -0.162527  0.074349  0.314839 -0.167999  0.021561  0.015505  0.985429
1305031127.011371 -0.162569  0.074640  0.315049 -0.166232  0.020772  0.016135  0.985736
1305031127.047297 -0.163939  0.075032  0.312612 -0.165044  0.021370  0.016834  0.985911
1305031127.079299 -0.164098  0.073884  0.313110 -0.165778  0.021032  0.017189  0.985789
1305031127.111435 -0.165469  0.072617  0.313725 -0.165507  0.019403  0.018664  0.985841
1305031127.147307 -0.164756  0.071081  0.315544 -0.164190  0.015487  0.020146  0.986101
1305031127.179349 -0.165616  0.071217  0.314876 -0.161296  0.012950  0.019108  0.986636
1305031127.211700 -0.163130  0.070314  0.318193 -0.160423  0.010321  0.018974  0.986812
1305031127.247374 -0.162542  0.066534  0.320628 -0.159175  0.009947  0.018595  0.987025
1305031127.279465 -0.164634  0.066234  0.319221 -0.155945  0.010803  0.017072  0.987559
1305031127.311362 -0.165112  0.062418  0.321548 -0.157204  0.009880  0.016676  0.987376
1305031127.347356 -0.163466  0.058383  0.325629 -0.155725  0.007383  0.016588  0.987633
1305031127.379262 -0.165211  0.057369  0.325109 -0.152695  0.007072  0.015948  0.988119
1305031127.411371 -0.165702  0.056118  0.327026 -0.152244  0.005987  0.014930  0.988212
1305031127.447333 -0.165457  0.051936  0.330903 -0.152198  0.004520  0.014973  0.988226
1305031127.479362 -0.166784  0.053310  0.330091 -0.149097  0.003884  0.013557  0.988722
1305031127.511356 -0.167728  0.052995  0.332425 -0.149856  0.002938  0.012394  0.988626
1305031127.547348 -0.165735  0.049922  0.336745 -0.150137  0.000963  0.012430  0.988587
1305031127.579345 -0.166995  0.050651  0.337054 -0.147652  0.001011  0.012266  0.988963
1305031127.611271 -0.166858  0.051971  0.338295 -0.147227  0.000381  0.011889  0.989031
1305031127.647358 -0.165466  0.049566  0.340284 -0.148646 -0.000431  0.013369  0.988800
1305031127.679298 -0.166036  0.047432  0.340573 -0.147456 -0.000512  0.014085  0.988968
1305031127.711375 -0.166996  0.050205  0.340034 -0.145599 -0.000923  0.013034  0.989257
1305031127.747304 -0.164676  0.048384  0.343678 -0.147381 -0.002548  0.013630  0.988983
1305031127.779346 -0.165020  0.045881  0.344931 -0.146788 -0.002515  0.014054  0.989065
1305031127.811829 -0.165780  0.047191  0.345161 -0.144747 -0.002752  0.012902  0.989381
1305031127.847366 -0.166160  0.046369  0.345386 -0.145098 -0.002671  0.012124  0.989339
1305031127.879380 -0.166290  0.044763  0.345877 -0.145689 -0.003023  0.012171  0.989251
1305031127.911476 -0.167449  0.045451  0.346233 -0.144899 -0.003577  0.011384  0.989375
1305031127.947366 -0.167609  0.046812  0.345815 -0.144981 -0.004335  0.011454  0.989359
1305031127.979371 -0.166925  0.046091  0.348570 -0.146930 -0.005453  0.011870  0.989061
1305031128.011427 -0.165226  0.046472  0.350296 -0.147786 -0.006274  0.011532  0.988932
1305031128.047369 -0.163838  0.045477  0.354498 -0.150446 -0.005791  0.012969  0.988516
1305031128.079334 -0.165326  0.042589  0.355806 -0.151155 -0.004616  0.014337  0.988395
1305031128.111391 -0.164683  0.041533  0.356271 -0.150695 -0.005015  0.014907  0.988455
1305031128.147418 -0.163646  0.041574  0.358281 -0.151290 -0.005457  0.016577  0.988335
1305031128.179350 -0.162547  0.038333  0.360417 -0.151302 -0.005720  0.018099  0.988305
1305031128.211447 -0.164060  0.038802  0.359208 -0.148905 -0.004898  0.017848  0.988678
1305031128.247480 -0.165112  0.039416  0.358810 -0.148845 -0.004701  0.018236  0.988681
1305031128.279336 -0.164222  0.037077  0.360599 -0.149757 -0.005369  0.018713  0.988531
1305031128.311483 -0.164939  0.038081  0.359173 -0.147914 -0.005093  0.017924  0.988825
1305031128.347423 -0.165750  0.039083  0.359549 -0.147342 -0.004985  0.016902  0.988929
1305031128.379404 -0.165805  0.038307  0.360696 -0.147762 -0.005561  0.015620  0.988884
1305031128.411337 -0.165485  0.037227  0.360670 -0.147487 -0.005879  0.014566  0.988939
1305031128.447296 -0.166771  0.036973  0.360075 -0.147165 -0.005482  0.013368  0.989006
1305031128.479296 -0.166171  0.036722  0.361704 -0.147370 -0.006283  0.012599  0.988981
1305031128.511433 -0.166035  0.036951  0.361779 -0.146734 -0.006269  0.011578  0.989088
1305031128.547399 -0.165833  0.036175  0.361796 -0.147046 -0.005922  0.011454  0.989046
1305031128.579455 -0.166787  0.034098  0.362052 -0.147113 -0.005023  0.011101  0.989045
1305031128.611395 -0.167981  0.033429  0.361417 -0.145830 -0.004524  0.011657  0.989231
1305031128.647352 -0.168828  0.033714  0.360699 -0.145172 -0.005496  0.011829  0.989321
1305031128.679282 -0.167594  0.032394  0.360932 -0.145256 -0.007503  0.011822  0.989295
1305031128.711457 -0.166769  0.032555  0.360902 -0.144000 -0.007883  0.011154  0.989483
1305031128.747363 -0.167221  0.032794  0.360237 -0.142936 -0.006718  0.009335  0.989665
